113-A-bug-683826-683913,10,356,304,53,1,303,303,100
113-A-bug-691902-691903,10,360,340,25,6,335,334,79
118-A-bug-18073097-18080639,10,57,46,15,4,42,42,30
118-A-bug-18103516-18103560,10,57,53,15,11,42,42,28
118-A-bug-18109879-18109907,10,57,47,15,5,42,42,29
118-A-bug-18134274-18134357,10,57,53,15,11,42,42,29
118-A-bug-18174609-18174835,10,57,49,15,7,42,42,29
118-A-bug-18174643-18174835,10,57,47,15,5,42,42,29
118-A-bug-18174652-18174835,10,57,53,15,11,42,42,29
118-A-bug-18174751-18174835,10,57,53,15,11,42,42,29
118-A-bug-18282023-18282195,10,57,51,15,9,42,42,32
118-A-bug-18294639-18294683,10,57,51,15,9,42,42,32
118-A-bug-18327752-18328450,10,57,57,11,11,46,46,28
123-A-bug-1869815-1869826,10,34,17,17,17,17,0,24
124-C-bug-5745829-5746012,10,62,26,8,3,54,23,25
126-B-bug-16617781-16617816,10,48,41,8,1,40,40,50
126-B-bug-6462704-6462737,10,48,39,10,1,38,38,34
131-A-bug-18069181-18073244,10,61,10,10,10,51,0,29
131-A-bug-18178430-18178436,10,65,62,4,4,61,58,24
131-A-bug-18178468-18252378,10,62,10,10,10,52,0,29
131-A-bug-18296690-18296701,10,65,62,4,4,61,58,24
133-A-bug-17969403-17975791,10,88,65,13,13,75,52,24
133-A-bug-17992884-17992958,10,88,65,13,13,75,52,24
133-A-bug-17993292-17993355,10,88,65,13,13,75,52,24
133-A-bug-18017249-18017267,10,88,65,13,13,75,52,24
133-A-bug-18047608-18047662,10,88,79,13,5,75,74,30
133-A-bug-18048780-18048793,10,87,59,32,7,55,52,29
133-A-bug-18066416-18066518,10,88,65,13,13,75,52,25
133-A-bug-18217634-18217677,10,88,81,13,7,75,74,27
133-A-bug-18285631-18285709,10,88,79,13,5,75,74,29
133-A-bug-18285699-18285856,10,88,69,69,69,19,0,24
133-A-bug-18285725-18285856,10,88,79,13,5,75,74,29
133-A-bug-18286216-18286228,10,88,80,13,6,75,74,28
133-A-bug-18292018-18292024,10,88,80,13,6,75,74,28
133-A-bug-18296173-18296188,10,88,77,13,7,75,70,23
133-A-bug-18327759-18327824,10,88,80,13,5,75,75,27
133-A-bug-18348504-18348539,10,88,79,13,4,75,75,28
133-A-bug-18355672-18355701,10,88,65,13,13,75,52,23
133-C-bug-925626-925706,10,19,19,19,19,0,0,26
137-A-bug-11590458-11590515,10,50,42,15,9,35,33,36
137-A-bug-8134102-8134128,10,50,37,9,9,41,28,28
147-A-bug-1015775-1015776,10,78,65,46,33,32,32,28
147-A-bug-1045602-1045611,10,79,47,45,45,34,2,32
147-A-bug-1045605-1045611,10,78,44,44,44,34,0,29
147-A-bug-12915557-12915622,10,74,42,38,33,36,9,30
174-B-bug-1501641-1501825,10,69,65,4,2,65,63,55
174-B-bug-1504776-1504783,10,90,86,6,2,84,84,63
180-C-bug-15764515-15764561,10,20,6,6,6,14,0,25
197-C-bug-11986074-11986110,10,23,23,23,23,0,0,29
197-C-bug-2103086-2103090,10,23,21,6,4,17,17,26
202-A-bug-1864388-1905671,10,59,39,29,28,30,11,26
202-A-bug-1938570-1938571,10,59,31,59,31,0,0,25
208-A-bug-17292049-17292076,10,73,38,40,36,33,2,29
208-A-bug-17532993-17533015,10,73,59,59,59,14,0,26
208-A-bug-17922157-17922172,10,25,15,15,15,10,0,24
208-A-bug-18102368-18102377,10,62,62,62,62,0,0,24
208-A-bug-18123262-18123289,10,74,10,68,4,6,6,38
208-A-bug-18260832-18260860,10,74,41,41,41,33,0,29
208-A-bug-18351096-18351104,10,74,33,33,33,41,0,24
236-A-bug-18003726-18007529,10,91,64,39,39,52,25,38
236-A-bug-18003976-18004085,10,89,89,89,89,0,0,24
236-A-bug-18007495-18007529,10,89,89,89,89,0,0,28
236-A-bug-18227052-18227120,10,91,65,39,38,52,27,66
236-A-bug-18338107-18338153,10,91,62,37,36,54,26,66
245-B-bug-15450004-15450022,10,26,18,4,2,22,16,46
245-B-bug-15926715-15927032,10,26,23,4,1,22,22,48
276-B-bug-13314488-13314500,10,33,31,6,5,27,26,25
276-B-bug-15034096-15034124,10,46,41,6,1,40,40,25
276-B-bug-5933556-5940552,10,41,36,6,1,35,35,25
276-B-bug-5933573-5940552,10,41,36,6,1,35,35,25
276-B-bug-6188908-6188949,10,41,21,6,5,35,16,24
281-A-bug-18132658-18132720,10,49,49,3,3,46,46,24
281-A-bug-18294879-18294887,10,28,28,28,28,0,0,24
291-B-bug-3524194-3524237,10,21,21,21,21,0,0,24
291-B-bug-3537395-3537438,10,21,5,4,4,17,1,30
291-B-bug-3539893-3539896,10,23,4,4,4,19,0,24
291-B-bug-3726598-3726610,10,23,4,4,4,19,0,24
291-B-bug-6753127-6753143,10,31,4,2,2,29,2,30
316-A1-bug-3879223-3879239,10,35,27,4,2,31,25,30
316-A2-bug-3868271-3868327,10,27,18,17,17,10,1,24
316-A2-bug-3876995-3877003,10,36,26,4,4,32,22,37
31-B-bug-10514546-10514583,10,84,10,9,9,75,1,31
31-B-bug-10514570-10514583,10,96,40,7,6,89,34,32
31-B-bug-136044-136045,10,68,56,48,48,20,8,24
31-B-bug-14199570-14199578,10,74,14,9,8,65,6,29
31-B-bug-512114-512120,10,72,9,9,9,63,0,24
31-B-bug-512116-512120,10,68,40,40,40,28,0,23
353-D-bug-4926926-4926955,10,27,18,9,1,18,17,52
353-D-bug-6175754-6175760,10,24,19,6,1,18,18,58
363-C-bug-13754002-13754097,10,45,45,2,2,43,43,40
385-B-bug-11063177-11063186,10,17,14,8,5,9,9,35
385-B-bug-17596493-17596993,10,17,15,3,1,14,14,52
385-B-bug-6898992-6898998,10,17,14,8,5,9,9,35
393-A-bug-10224824-10224841,10,77,47,3,3,74,44,26
393-A-bug-12975319-12975331,10,68,7,7,7,61,0,27
393-A-bug-13882866-13882981,10,62,46,21,5,41,41,65
393-A-bug-13915086-13915488,10,72,60,13,1,59,59,177
393-A-bug-13915169-13915488,10,102,97,6,1,96,96,113
393-A-bug-14052177-14052206,10,62,49,9,1,53,48,86
411-A-bug-14678684-14678713,10,143,80,5,5,138,75,38
411-A-bug-9661639-9661654,10,143,80,5,5,138,75,38
41-C-bug-10642948-10642983,10,56,36,21,1,35,35,38
41-C-bug-10642957-10642983,10,55,46,10,1,45,45,51
41-C-bug-10642972-10642983,10,55,53,4,2,51,51,47
41-C-bug-10643130-10643148,10,57,27,31,1,26,26,45
41-C-bug-16825894-16825911,10,57,37,21,1,36,36,41
41-C-bug-17904918-17904940,10,92,92,2,2,90,90,58
41-C-bug-17904924-17904940,10,56,36,21,2,35,34,40
41-C-bug-17917572-17917578,10,63,51,16,4,47,47,30
41-C-bug-187321-187384,10,56,36,21,1,35,35,50
41-C-bug-736212-736216,10,63,49,16,2,47,47,30
420-A-bug-13091991-13091997,10,79,58,23,16,56,42,24
420-A-bug-14171953-14171970,10,78,74,7,4,71,70,26
420-A-bug-14755133-14755144,10,129,129,5,5,124,124,26
420-A-bug-16671795-16671832,10,79,57,43,43,36,14,24
451-D-bug-7249921-7249950,10,19,19,17,17,2,2,24
505-A-bug-10101095-10101109,10,56,51,6,1,50,50,30
505-A-bug-10513326-10513335,10,43,30,17,16,26,14,31
538-A-bug-14000679-14000824,10,79,78,3,2,76,76,77
538-A-bug-16876247-16876282,10,102,102,2,2,100,100,65
550-A-bug-17839318-17839327,10,83,79,12,9,71,70,43
575-D-bug-12872706-12872745,10,3,3,3,3,0,0,29
58-A-bug-17762757-17762804,10,45,7,7,7,38,0,24
58-A-bug-18163826-18163845,10,42,17,17,17,25,0,29
58-A-bug-18231253-18231295,10,43,41,5,3,38,38,61
59-A-bug-17307162-17307176,10,34,34,34,34,0,0,23
600-A-bug-18147663-18147679,10,37,17,3,3,34,14,25
600-A-bug-18147672-18147679,10,37,34,3,1,34,33,26
665-C-bug-17762752-17762802,10,21,21,4,4,17,17,24
8-B-bug-17229415-17229625,10,69,57,15,4,54,53,38
8-B-bug-36489-36547,10,91,91,2,2,89,89,25
8-B-bug-37890-37891,10,82,75,8,1,74,74,77
8-B-bug-459037-459038,10,63,48,63,48,0,0,25
113-A-bug-683826-683913,11,356,302,53,3,303,299,74
113-A-bug-691902-691903,11,360,333,25,3,335,330,58
118-A-bug-18073097-18080639,11,57,51,15,9,42,42,29
118-A-bug-18103516-18103560,11,57,53,15,11,42,42,25
118-A-bug-18109879-18109907,11,57,51,15,9,42,42,23
118-A-bug-18134274-18134357,11,57,51,15,9,42,42,23
118-A-bug-18144017-18166218,11,75,72,4,1,71,71,264
118-A-bug-18174609-18174835,11,57,53,15,11,42,42,28
118-A-bug-18174643-18174835,11,57,51,15,9,42,42,32
118-A-bug-18174652-18174835,11,57,53,15,11,42,42,29
118-A-bug-18174751-18174835,11,57,47,15,5,42,42,29
118-A-bug-18282023-18282195,11,57,51,15,9,42,42,32
118-A-bug-18294639-18294683,11,57,51,15,9,42,42,23
118-A-bug-18327752-18328450,11,57,50,11,4,46,46,29
123-A-bug-1869815-1869826,11,34,29,17,17,17,12,27
126-B-bug-16617781-16617816,11,48,41,8,1,40,40,50
131-A-bug-18069181-18073244,11,61,52,10,4,51,48,24
131-A-bug-18178430-18178436,11,65,62,4,4,61,58,24
131-A-bug-18178468-18252378,11,62,10,10,10,52,0,23
131-A-bug-18296690-18296701,11,65,62,4,4,61,58,24
133-A-bug-17969403-17975791,11,88,81,13,7,75,74,25
133-A-bug-17992884-17992958,11,88,81,13,7,75,74,27
133-A-bug-17993292-17993355,11,88,65,13,13,75,52,24
133-A-bug-18017249-18017267,11,88,65,13,13,75,52,23
133-A-bug-18047608-18047662,11,88,65,13,13,75,52,24
133-A-bug-18048780-18048793,11,87,32,32,32,55,0,24
133-A-bug-18066416-18066518,11,88,65,13,13,75,52,24
133-A-bug-18158271-18158334,11,88,65,13,13,75,52,23
133-A-bug-18158313-18158334,11,90,72,12,12,78,60,24
133-A-bug-18217634-18217677,11,88,78,13,3,75,75,30
133-A-bug-18285631-18285709,11,88,79,13,5,75,74,29
133-A-bug-18285699-18285856,11,88,54,69,35,19,19,29
133-A-bug-18285725-18285856,11,88,65,13,13,75,52,23
133-A-bug-18286216-18286228,11,88,79,13,4,75,75,28
133-A-bug-18296173-18296188,11,88,65,13,13,75,52,25
133-A-bug-18327759-18327824,11,88,81,13,7,75,74,25
133-A-bug-18348504-18348539,11,88,65,13,13,75,52,25
133-A-bug-18355672-18355701,11,88,80,13,6,75,74,28
133-C-bug-925626-925706,11,19,19,19,19,0,0,27
133-C-bug-927836-927839,11,19,19,8,8,11,11,8
137-A-bug-11590458-11590515,11,50,41,15,6,35,35,32
137-A-bug-8134102-8134128,11,50,41,9,4,41,37,30
147-A-bug-1015775-1015776,11,78,65,46,33,32,32,29
147-A-bug-1045602-1045611,11,79,50,45,40,34,10,27
147-A-bug-1045605-1045611,11,78,44,44,44,34,0,25
147-A-bug-12915557-12915622,11,74,38,38,38,36,0,24
174-B-bug-1501641-1501825,11,69,66,4,1,65,65,66
180-C-bug-15764515-15764561,11,20,6,6,6,14,0,25
197-C-bug-11986074-11986110,11,23,23,23,23,0,0,27
197-C-bug-2103086-2103090,11,23,23,6,6,17,17,28
202-A-bug-1864388-1905671,11,59,40,29,29,30,11,30
202-A-bug-1938570-1938571,11,59,59,59,59,0,0,25
208-A-bug-17532993-17533015,11,73,56,59,56,14,0,29
208-A-bug-18102368-18102377,11,62,62,62,62,0,0,24
208-A-bug-18123271-18123289,11,74,13,68,7,6,6,33
208-A-bug-18351096-18351104,11,74,33,33,33,41,0,27
236-A-bug-18003726-18007529,11,91,64,39,39,52,25,53
236-A-bug-18003976-18004085,11,89,88,89,88,0,0,30
236-A-bug-18007495-18007529,11,89,89,89,89,0,0,28
236-A-bug-18227052-18227120,11,91,64,39,38,52,26,62
236-A-bug-18338107-18338153,11,91,62,37,37,54,25,62
245-B-bug-15450004-15450022,11,26,18,4,2,22,16,46
245-B-bug-15926715-15927032,11,26,24,4,2,22,22,46
276-B-bug-10441668-10441759,11,33,29,6,5,27,24,24
276-B-bug-13314488-13314500,11,33,29,6,5,27,24,24
276-B-bug-14833281-14833300,11,41,36,6,1,35,35,25
276-B-bug-4820773-4820788,11,33,29,6,5,27,24,24
276-B-bug-5933556-5940552,11,41,36,6,1,35,35,40
276-B-bug-6188908-6188949,11,41,36,6,1,35,35,40
281-A-bug-18132658-18132720,11,49,49,3,3,46,46,24
291-B-bug-3524194-3524237,11,21,18,21,18,0,0,29
291-B-bug-3537395-3537438,11,21,7,4,4,17,3,34
291-B-bug-3539893-3539896,11,23,4,4,4,19,0,24
291-B-bug-3726598-3726610,11,23,4,4,4,19,0,24
291-B-bug-6753127-6753143,11,31,4,2,2,29,2,30
316-A1-bug-3879223-3879239,11,35,12,4,4,31,8,30
316-A2-bug-3868271-3868327,11,27,18,17,17,10,1,24
316-A2-bug-3876995-3877003,11,36,26,4,4,32,22,37
31-B-bug-10514546-10514583,11,84,14,9,8,75,6,29
31-B-bug-10514554-10514583,11,84,9,9,9,75,0,24
31-B-bug-10514570-10514583,11,96,42,7,6,89,36,33
31-B-bug-136044-136045,11,68,41,48,21,20,20,24
31-B-bug-14199570-14199578,11,74,30,9,9,65,21,25
31-B-bug-14288247-14288278,11,74,9,9,9,65,0,24
31-B-bug-512114-512120,11,72,9,9,9,63,0,24
31-B-bug-512116-512120,11,68,40,40,40,28,0,24
31-B-bug-6435804-6435825,11,90,72,5,4,85,68,26
353-D-bug-4926926-4926955,11,27,18,9,1,18,17,45
353-D-bug-6175754-6175760,11,24,20,6,2,18,18,49
363-C-bug-13754002-13754097,11,45,45,2,2,43,43,40
363-C-bug-5405641-5405684,11,31,24,9,2,22,22,37
385-B-bug-11063177-11063186,11,17,14,8,5,9,9,35
385-B-bug-17596493-17596993,11,17,16,3,2,14,14,50
385-B-bug-6898992-6898998,11,17,11,8,2,9,9,50
393-A-bug-10224824-10224841,11,77,68,3,1,74,67,26
393-A-bug-12975319-12975331,11,68,7,7,7,61,0,27
393-A-bug-13882866-13882981,11,62,42,21,1,41,41,89
393-A-bug-13915086-13915488,11,72,60,13,1,59,59,122
393-A-bug-13915169-13915488,11,102,97,6,1,96,96,148
393-A-bug-14052177-14052206,11,62,35,9,1,53,34,76
411-A-bug-14678684-14678713,11,143,80,5,5,138,75,41
411-A-bug-9661639-9661654,11,143,80,5,5,138,75,38
41-C-bug-10642948-10642983,11,56,39,21,4,35,35,40
41-C-bug-10642957-10642983,11,55,46,10,1,45,45,45
41-C-bug-10642972-10642983,11,55,53,4,2,51,51,47
41-C-bug-10643130-10643148,11,57,28,31,2,26,26,51
41-C-bug-16825894-16825911,11,57,37,21,1,36,36,44
41-C-bug-17904918-17904940,11,92,85,2,2,90,83,57
41-C-bug-17904924-17904940,11,56,36,21,1,35,35,47
41-C-bug-17917572-17917578,11,63,49,16,2,47,47,31
41-C-bug-187321-187384,11,56,35,21,1,35,34,51
41-C-bug-736212-736216,11,63,52,16,5,47,47,28
420-A-bug-13091991-13091997,11,79,54,23,16,56,38,24
420-A-bug-14171953-14171970,11,78,74,7,4,71,70,26
420-A-bug-14755133-14755144,11,129,129,5,5,124,124,26
420-A-bug-16671795-16671832,11,79,52,43,43,36,9,26
451-D-bug-7249921-7249950,11,19,8,17,6,2,2,25
505-A-bug-10101095-10101109,11,56,50,6,5,50,45,34
505-A-bug-10513326-10513335,11,43,27,17,1,26,26,42
538-A-bug-14000679-14000824,11,79,78,3,2,76,76,77
538-A-bug-16876247-16876282,11,102,102,2,2,100,100,65
550-A-bug-17839318-17839327,11,83,79,12,9,71,70,45
575-D-bug-12872706-12872745,11,3,3,3,3,0,0,29
58-A-bug-17762757-17762804,11,45,7,7,7,38,0,26
58-A-bug-18163826-18163845,11,42,17,17,17,25,0,27
58-A-bug-18231253-18231295,11,43,40,5,2,38,38,41
59-A-bug-17307162-17307176,11,34,34,34,34,0,0,29
600-A-bug-18147663-18147679,11,37,34,3,1,34,33,26
600-A-bug-18147672-18147679,11,37,18,3,3,34,15,25
665-C-bug-17762752-17762802,11,21,21,4,4,17,17,24
677-C-bug-18192762-18193123,11,26,15,16,15,10,0,24
677-C-bug-18206311-18206325,11,21,17,17,17,4,0,23
677-C-bug-18262604-18262617,11,21,16,16,16,5,0,24
677-C-bug-18281182-18281188,11,21,21,6,6,15,15,31
8-B-bug-17229415-17229625,11,69,57,15,4,54,53,77
8-B-bug-36489-36547,11,91,91,2,2,89,89,25
8-B-bug-37890-37891,11,82,75,8,1,74,74,68
8-B-bug-459037-459038,11,63,55,63,55,0,0,25
113-A-bug-683826-683913,12,356,304,53,2,303,302,86
113-A-bug-691902-691903,12,360,339,25,5,335,334,65
118-A-bug-18073097-18080639,12,57,51,15,9,42,42,32
118-A-bug-18103516-18103560,12,57,53,15,11,42,42,25
118-A-bug-18109879-18109907,12,57,51,15,9,42,42,30
118-A-bug-18134274-18134357,12,57,53,15,11,42,42,29
118-A-bug-18174609-18174835,12,57,51,15,9,42,42,23
118-A-bug-18174643-18174835,12,57,53,15,11,42,42,26
118-A-bug-18174652-18174835,12,57,51,15,9,42,42,29
118-A-bug-18174751-18174835,12,57,15,15,15,42,0,29
118-A-bug-18282023-18282195,12,57,51,15,9,42,42,32
118-A-bug-18294639-18294683,12,57,46,15,4,42,42,29
118-A-bug-18327752-18328450,12,57,57,11,11,46,46,30
123-A-bug-1869815-1869826,12,34,21,17,4,17,17,27
126-B-bug-16617781-16617816,12,48,41,8,1,40,40,46
131-A-bug-18069181-18073244,12,61,10,10,10,51,0,24
131-A-bug-18178430-18178436,12,65,63,4,4,61,59,24
131-A-bug-18178468-18252378,12,62,10,10,10,52,0,29
131-A-bug-18296690-18296701,12,65,64,4,4,61,60,24
133-A-bug-17969403-17975791,12,88,65,13,13,75,52,24
133-A-bug-17992884-17992958,12,88,65,13,13,75,52,24
133-A-bug-17993292-17993355,12,88,65,13,13,75,52,23
133-A-bug-18017249-18017267,12,88,65,13,13,75,52,23
133-A-bug-18047608-18047662,12,88,78,13,3,75,75,30
133-A-bug-18048780-18048793,12,87,32,32,32,55,0,23
133-A-bug-18066416-18066518,12,88,65,13,13,75,52,23
133-A-bug-18158271-18158334,12,88,80,13,6,75,74,28
133-A-bug-18217634-18217677,12,88,65,13,13,75,52,24
133-A-bug-18285631-18285709,12,88,80,13,6,75,74,28
133-A-bug-18285725-18285856,12,88,65,13,13,75,52,25
133-A-bug-18286216-18286228,12,88,65,13,13,75,52,24
133-A-bug-18292018-18292024,12,88,65,13,13,75,52,25
133-A-bug-18296173-18296188,12,88,65,13,13,75,52,25
133-A-bug-18327759-18327824,12,88,65,13,13,75,52,24
133-A-bug-18348504-18348539,12,88,65,13,13,75,52,25
133-A-bug-18355672-18355701,12,88,65,13,13,75,52,23
133-C-bug-925626-925706,12,19,19,19,19,0,0,27
133-C-bug-927836-927839,12,19,19,8,8,11,11,8
137-A-bug-11590458-11590515,12,50,39,15,4,35,35,42
137-A-bug-8134102-8134128,12,50,42,9,7,41,35,29
147-A-bug-1015775-1015776,12,78,48,46,46,32,2,29
147-A-bug-1045602-1045611,12,79,61,45,31,34,30,28
147-A-bug-1045605-1045611,12,78,44,44,17,34,27,30
147-A-bug-12915557-12915622,12,74,43,38,35,36,8,30
174-B-bug-1501641-1501825,12,69,66,4,1,65,65,66
174-B-bug-1504776-1504783,12,90,86,6,2,84,84,63
180-C-bug-15764515-15764561,12,20,6,6,6,14,0,25
197-C-bug-11986074-11986110,12,23,23,23,23,0,0,27
197-C-bug-2103086-2103090,12,23,10,6,5,17,5,29
202-A-bug-1864388-1905671,12,59,39,29,27,30,12,26
202-A-bug-1938570-1938571,12,59,59,59,59,0,0,25
208-A-bug-17292049-17292076,12,73,45,41,37,32,8,28
208-A-bug-17532993-17533015,12,73,59,59,59,14,0,24
208-A-bug-17922157-17922172,12,25,15,15,15,10,0,24
208-A-bug-18102368-18102377,12,62,62,62,62,0,0,26
208-A-bug-18123262-18123289,12,74,10,68,4,6,6,33
208-A-bug-18123271-18123289,12,74,31,68,25,6,6,36
208-A-bug-18260832-18260860,12,74,42,41,40,33,2,29
208-A-bug-18351096-18351104,12,74,33,33,32,41,1,26
236-A-bug-18003726-18007529,12,91,64,39,39,52,25,38
236-A-bug-18003976-18004085,12,89,89,89,89,0,0,27
236-A-bug-18007495-18007529,12,89,89,89,89,0,0,29
236-A-bug-18227052-18227120,12,91,64,39,39,52,25,48
236-A-bug-18338107-18338153,12,91,62,37,37,54,25,70
245-B-bug-15450004-15450022,12,26,24,4,2,22,22,46
245-B-bug-15926715-15927032,12,26,25,4,3,22,22,43
276-B-bug-10441668-10441759,12,33,29,6,5,27,24,24
276-B-bug-13314488-13314500,12,33,29,6,5,27,24,25
276-B-bug-14833281-14833300,12,41,37,6,5,35,32,24
276-B-bug-15034096-15034124,12,46,41,6,1,40,40,40
276-B-bug-4820773-4820788,12,33,29,6,5,27,24,24
276-B-bug-5933556-5940552,12,41,37,6,5,35,32,25
276-B-bug-5933573-5940552,12,41,37,6,5,35,32,24
276-B-bug-6188908-6188949,12,41,36,6,1,35,35,40
281-A-bug-18132658-18132720,12,49,49,3,3,46,46,24
291-B-bug-3524194-3524237,12,21,3,21,3,0,0,9
291-B-bug-3537395-3537438,12,21,8,4,4,17,4,34
291-B-bug-3539893-3539896,12,23,4,4,4,19,0,24
291-B-bug-3726598-3726610,12,23,4,4,4,19,0,24
291-B-bug-6753127-6753143,12,31,4,2,2,29,2,30
316-A1-bug-3879223-3879239,12,35,12,4,4,31,8,33
316-A2-bug-3868271-3868327,12,27,18,17,17,10,1,23
316-A2-bug-3876995-3877003,12,36,24,4,4,32,20,37
31-B-bug-10514554-10514583,12,84,9,9,9,75,0,24
31-B-bug-136044-136045,12,68,56,48,48,20,8,24
31-B-bug-14199570-14199578,12,74,10,9,9,65,1,31
31-B-bug-512116-512120,12,68,40,40,40,28,0,26
31-B-bug-6435804-6435825,12,90,72,5,4,85,68,26
353-D-bug-4926926-4926955,12,27,20,9,2,18,18,43
353-D-bug-6175754-6175760,12,24,21,6,3,18,18,54
363-C-bug-13754002-13754097,12,45,45,2,2,43,43,40
363-C-bug-5405641-5405684,12,31,25,9,3,22,22,36
385-B-bug-11063177-11063186,12,17,14,8,5,9,9,35
385-B-bug-17596493-17596993,12,17,16,3,2,14,14,50
385-B-bug-6898992-6898998,12,17,11,8,2,9,9,50
393-A-bug-10224824-10224841,12,77,47,3,3,74,44,26
393-A-bug-12975319-12975331,12,68,7,7,7,61,0,27
393-A-bug-13882866-13882981,12,62,42,21,1,41,41,180
393-A-bug-13915086-13915488,12,72,60,13,1,59,59,233
393-A-bug-13915169-13915488,12,102,97,6,1,96,96,148
393-A-bug-14052177-14052206,12,62,54,9,1,53,53,48
411-A-bug-14678684-14678713,12,143,80,5,5,138,75,38
411-A-bug-9661639-9661654,12,143,80,5,5,138,75,41
41-C-bug-10642948-10642983,12,56,36,21,1,35,35,50
41-C-bug-10642957-10642983,12,55,42,10,1,45,41,48
41-C-bug-10642972-10642983,12,55,52,4,1,51,51,48
41-C-bug-10643130-10643148,12,57,27,31,1,26,26,59
41-C-bug-16825894-16825911,12,57,36,21,1,36,35,58
41-C-bug-17904918-17904940,12,92,85,2,2,90,83,58
41-C-bug-17904924-17904940,12,56,35,21,4,35,31,57
41-C-bug-17917572-17917578,12,63,48,16,1,47,47,35
41-C-bug-187321-187384,12,56,37,21,2,35,35,45
41-C-bug-736212-736216,12,63,51,16,4,47,47,28
420-A-bug-13091991-13091997,12,79,60,23,16,56,44,26
420-A-bug-14171953-14171970,12,78,52,7,6,71,46,26
420-A-bug-14755133-14755144,12,129,129,5,5,124,124,25
420-A-bug-16671795-16671832,12,79,47,43,43,36,4,25
505-A-bug-10101095-10101109,12,56,49,6,5,50,44,48
505-A-bug-10513326-10513335,12,43,34,17,16,26,18,33
538-A-bug-14000679-14000824,12,79,77,3,1,76,76,53
538-A-bug-16876247-16876282,12,102,102,2,2,100,100,65
550-A-bug-17839318-17839327,12,83,72,12,1,71,71,31
575-D-bug-12872706-12872745,12,3,3,3,3,0,0,29
58-A-bug-17762757-17762804,12,45,7,7,7,38,0,24
58-A-bug-18163826-18163845,12,42,17,17,17,25,0,26
58-A-bug-18231253-18231295,12,43,39,5,1,38,38,36
59-A-bug-17307162-17307176,12,34,34,34,34,0,0,24
600-A-bug-18147663-18147679,12,37,36,3,2,34,34,25
600-A-bug-18147672-18147679,12,37,35,3,1,34,34,26
665-C-bug-17762752-17762802,12,21,21,4,4,17,17,24
677-C-bug-18192762-18193123,12,26,16,16,16,10,0,26
677-C-bug-18206311-18206325,12,21,17,17,17,4,0,24
677-C-bug-18262604-18262617,12,21,16,16,16,5,0,24
8-B-bug-17229415-17229625,12,69,54,15,4,54,50,75
8-B-bug-36489-36547,12,91,91,2,2,89,89,25
8-B-bug-37890-37891,12,82,75,8,1,74,74,118
8-B-bug-459037-459038,12,63,63,63,63,0,0,24
113-A-bug-683826-683913,13,356,304,53,2,303,302,74
113-A-bug-691902-691903,13,360,332,25,1,335,331,65
118-A-bug-18073097-18080639,13,57,49,15,7,42,42,29
118-A-bug-18103516-18103560,13,57,53,15,11,42,42,29
118-A-bug-18109879-18109907,13,57,47,15,5,42,42,29
118-A-bug-18134274-18134357,13,57,46,15,4,42,42,30
118-A-bug-18174609-18174835,13,57,49,15,7,42,42,31
118-A-bug-18174643-18174835,13,57,21,15,15,42,6,30
118-A-bug-18174652-18174835,13,57,53,15,11,42,42,25
118-A-bug-18174751-18174835,13,57,49,15,7,42,42,31
118-A-bug-18282023-18282195,13,57,51,15,9,42,42,29
118-A-bug-18294639-18294683,13,57,53,15,11,42,42,29
118-A-bug-18327752-18328450,13,57,50,11,4,46,46,30
124-C-bug-5745829-5746012,13,62,26,8,3,54,23,25
126-B-bug-16617781-16617816,13,48,41,8,1,40,40,34
126-B-bug-6462704-6462737,13,48,39,10,1,38,38,49
131-A-bug-18069181-18073244,13,61,52,10,4,51,48,26
131-A-bug-18178430-18178436,13,65,62,4,4,61,58,24
131-A-bug-18178468-18252378,13,62,14,10,6,52,8,29
131-A-bug-18296690-18296701,13,65,64,4,4,61,60,24
133-A-bug-17969403-17975791,13,88,65,13,13,75,52,25
133-A-bug-17992884-17992958,13,88,65,13,13,75,52,23
133-A-bug-17993292-17993355,13,88,65,13,13,75,52,23
133-A-bug-18017249-18017267,13,88,65,13,13,75,52,24
133-A-bug-18047608-18047662,13,88,65,13,13,75,52,23
133-A-bug-18048780-18048793,13,87,32,32,32,55,0,26
133-A-bug-18066416-18066518,13,88,65,13,13,75,52,23
133-A-bug-18158271-18158334,13,88,81,13,7,75,74,27
133-A-bug-18158313-18158334,13,90,72,12,12,78,60,29
133-A-bug-18217634-18217677,13,88,65,13,13,75,52,24
133-A-bug-18285631-18285709,13,88,81,13,7,75,74,27
133-A-bug-18285699-18285856,13,88,70,69,69,19,1,29
133-A-bug-18285725-18285856,13,88,65,13,13,75,52,25
133-A-bug-18286216-18286228,13,88,65,13,13,75,52,24
133-A-bug-18292018-18292024,13,88,65,13,13,75,52,24
133-A-bug-18296173-18296188,13,88,77,13,7,75,70,23
133-A-bug-18327759-18327824,13,88,79,13,5,75,74,30
133-A-bug-18348504-18348539,13,88,79,13,5,75,74,30
133-A-bug-18355672-18355701,13,88,65,13,13,75,52,23
133-C-bug-925626-925706,13,19,19,19,19,0,0,25
133-C-bug-927836-927839,13,19,19,8,8,11,11,9
137-A-bug-11590458-11590515,13,50,41,15,6,35,35,31
137-A-bug-8134102-8134128,13,50,42,9,1,41,41,34
147-A-bug-1015775-1015776,13,78,46,46,46,32,0,24
147-A-bug-1045602-1045611,13,79,56,45,24,34,32,31
147-A-bug-1045605-1045611,13,78,54,44,27,34,27,28
147-A-bug-12915557-12915622,13,74,45,38,22,36,23,25
174-B-bug-1501641-1501825,13,69,65,4,3,65,62,55
174-B-bug-1504776-1504783,13,90,85,6,1,84,84,49
180-C-bug-15764515-15764561,13,20,6,6,6,14,0,25
197-C-bug-11986074-11986110,13,23,23,23,23,0,0,27
197-C-bug-2103086-2103090,13,23,21,6,4,17,17,26
202-A-bug-1864388-1905671,13,59,39,29,27,30,12,26
202-A-bug-1938570-1938571,13,59,34,59,34,0,0,27
208-A-bug-17292049-17292076,13,73,40,41,39,32,1,31
208-A-bug-17532993-17533015,13,73,59,59,59,14,0,28
208-A-bug-17922157-17922172,13,25,15,15,15,10,0,24
208-A-bug-18102368-18102377,13,62,60,62,60,0,0,28
208-A-bug-18110250-18110255,13,74,9,68,3,6,6,38
208-A-bug-18123262-18123289,13,74,11,68,5,6,6,39
208-A-bug-18123271-18123289,13,74,41,68,35,6,6,32
208-A-bug-18260832-18260860,13,74,41,41,41,33,0,24
208-A-bug-18266864-18266892,13,81,51,31,1,50,50,48
208-A-bug-18351096-18351104,13,74,33,33,33,41,0,26
236-A-bug-18003726-18007529,13,91,64,39,39,52,25,42
236-A-bug-18003976-18004085,13,89,89,89,89,0,0,25
236-A-bug-18007495-18007529,13,89,88,89,88,0,0,30
236-A-bug-18227052-18227120,13,91,64,39,39,52,25,46
236-A-bug-18338107-18338153,13,91,62,37,37,54,25,53
245-B-bug-15450004-15450022,13,26,24,4,2,22,22,46
245-B-bug-15926715-15927032,13,26,18,4,2,22,16,46
276-B-bug-13314488-13314500,13,33,28,6,1,27,27,25
276-B-bug-14833281-14833300,13,41,37,6,5,35,32,25
276-B-bug-15034096-15034124,13,46,41,6,1,40,40,25
276-B-bug-4820773-4820788,13,33,28,6,1,27,27,25
276-B-bug-5933556-5940552,13,41,37,6,5,35,32,25
276-B-bug-5933573-5940552,13,41,37,6,5,35,32,24
276-B-bug-6188908-6188949,13,41,37,6,5,35,32,24
281-A-bug-18132658-18132720,13,49,49,3,3,46,46,24
291-B-bug-3524194-3524237,13,21,5,21,5,0,0,9
291-B-bug-3537395-3537438,13,21,5,4,4,17,1,35
291-B-bug-3539893-3539896,13,23,4,4,4,19,0,24
291-B-bug-3726598-3726610,13,23,4,4,4,19,0,24
291-B-bug-6753127-6753143,13,31,4,2,2,29,2,30
316-A1-bug-3879223-3879239,13,35,27,4,2,31,25,30
316-A2-bug-3868271-3868327,13,27,18,17,16,10,2,29
316-A2-bug-3876995-3877003,13,36,24,4,4,32,20,37
31-B-bug-10514546-10514583,13,84,9,9,9,75,0,24
31-B-bug-10514570-10514583,13,96,40,7,6,89,34,32
31-B-bug-136044-136045,13,68,31,48,11,20,20,26
31-B-bug-14199570-14199578,13,74,10,9,9,65,1,31
31-B-bug-512114-512120,13,72,9,9,9,63,0,24
31-B-bug-512116-512120,13,68,40,40,40,28,0,24
31-B-bug-6435804-6435825,13,90,72,5,4,85,68,26
353-D-bug-4926926-4926955,13,27,20,9,2,18,18,43
353-D-bug-6175754-6175760,13,24,21,6,3,18,18,54
363-C-bug-13754002-13754097,13,45,45,2,2,43,43,40
385-B-bug-11063177-11063186,13,17,11,8,2,9,9,48
385-B-bug-17596493-17596993,13,17,15,3,1,14,14,52
385-B-bug-6898992-6898998,13,17,17,8,8,9,9,34
393-A-bug-10224824-10224841,13,77,49,3,3,74,46,26
393-A-bug-12975319-12975331,13,68,7,7,7,61,0,27
393-A-bug-13882866-13882981,13,62,42,21,1,41,41,80
393-A-bug-13915086-13915488,13,72,60,13,1,59,59,122
393-A-bug-13915169-13915488,13,102,97,6,1,96,96,114
393-A-bug-14052177-14052206,13,62,35,9,1,53,34,76
411-A-bug-14678684-14678713,13,143,80,5,5,138,75,41
411-A-bug-9661639-9661654,13,143,80,5,5,138,75,41
41-C-bug-10642948-10642983,13,56,37,21,2,35,35,45
41-C-bug-10642957-10642983,13,55,46,10,1,45,45,51
41-C-bug-10642972-10642983,13,55,53,4,2,51,51,47
41-C-bug-10643130-10643148,13,57,27,31,1,26,26,62
41-C-bug-16825894-16825911,13,57,37,21,1,36,36,54
41-C-bug-17904918-17904940,13,92,92,2,2,90,90,58
41-C-bug-17904924-17904940,13,56,36,21,2,35,34,45
41-C-bug-17917572-17917578,13,63,48,16,1,47,47,35
41-C-bug-187321-187384,13,56,36,21,1,35,35,54
41-C-bug-736212-736216,13,63,50,16,3,47,47,28
420-A-bug-13091991-13091997,13,79,60,23,16,56,44,24
420-A-bug-14171953-14171970,13,78,74,7,4,71,70,26
420-A-bug-14755133-14755144,13,129,129,5,5,124,124,26
420-A-bug-16671795-16671832,13,79,43,43,36,36,7,25
505-A-bug-10101095-10101109,13,56,50,6,5,50,45,38
505-A-bug-10513326-10513335,13,43,30,17,16,26,14,31
538-A-bug-14000679-14000824,13,79,78,3,2,76,76,77
538-A-bug-16876247-16876282,13,102,102,2,2,100,100,65
575-D-bug-12872706-12872745,13,3,3,3,3,0,0,24
58-A-bug-17762757-17762804,13,45,7,7,7,38,0,24
58-A-bug-18163826-18163845,13,42,17,17,17,25,0,24
58-A-bug-18231253-18231295,13,43,40,5,2,38,38,41
59-A-bug-17307162-17307176,13,34,34,34,34,0,0,27
600-A-bug-18147663-18147679,13,37,17,3,3,34,14,25
600-A-bug-18147672-18147679,13,37,17,3,3,34,14,25
665-C-bug-17762752-17762802,13,21,21,4,4,17,17,24
677-C-bug-18192762-18193123,13,26,14,16,14,10,0,24
8-B-bug-17229415-17229625,13,69,54,15,5,54,49,54
8-B-bug-36489-36547,13,91,91,2,2,89,89,25
8-B-bug-37890-37891,13,82,75,8,1,74,74,118
8-B-bug-459037-459038,13,63,63,63,63,0,0,24
113-A-bug-683826-683913,14,356,304,53,3,303,301,76
113-A-bug-691902-691903,14,360,332,25,1,335,331,60
118-A-bug-18073097-18080639,14,57,51,15,9,42,42,29
118-A-bug-18103516-18103560,14,57,46,15,4,42,42,29
118-A-bug-18109879-18109907,14,57,53,15,11,42,42,29
118-A-bug-18134274-18134357,14,57,53,15,11,42,42,29
118-A-bug-18174609-18174835,14,57,46,15,4,42,42,29
118-A-bug-18174643-18174835,14,57,46,15,4,42,42,30
118-A-bug-18174652-18174835,14,57,46,15,4,42,42,29
118-A-bug-18174751-18174835,14,57,53,15,11,42,42,28
118-A-bug-18282023-18282195,14,57,51,15,9,42,42,30
118-A-bug-18294639-18294683,14,57,53,15,11,42,42,28
118-A-bug-18327752-18328450,14,57,57,11,11,46,46,28
123-A-bug-1869815-1869826,14,34,22,17,5,17,17,28
124-C-bug-5745829-5746012,14,62,26,8,3,54,23,25
126-B-bug-16617781-16617816,14,48,41,8,1,40,40,50
126-B-bug-6462704-6462737,14,48,39,10,1,38,38,44
131-A-bug-18069181-18073244,14,61,50,10,6,51,44,24
131-A-bug-18178430-18178436,14,65,62,4,4,61,58,24
131-A-bug-18178468-18252378,14,62,56,10,4,52,52,24
131-A-bug-18296690-18296701,14,65,62,4,4,61,58,24
133-A-bug-17969403-17975791,14,88,80,13,6,75,74,28
133-A-bug-17992884-17992958,14,88,77,13,7,75,70,24
133-A-bug-17993292-17993355,14,88,65,13,13,75,52,24
133-A-bug-18017249-18017267,14,88,77,13,7,75,70,24
133-A-bug-18047608-18047662,14,88,65,13,13,75,52,24
133-A-bug-18048780-18048793,14,87,32,32,32,55,0,23
133-A-bug-18066416-18066518,14,88,65,13,13,75,52,25
133-A-bug-18158271-18158334,14,88,65,13,13,75,52,25
133-A-bug-18217634-18217677,14,88,81,13,7,75,74,27
133-A-bug-18285631-18285709,14,88,65,13,13,75,52,24
133-A-bug-18285725-18285856,14,88,65,13,13,75,52,25
133-A-bug-18286216-18286228,14,88,78,13,3,75,75,30
133-A-bug-18292018-18292024,14,88,65,13,13,75,52,25
133-A-bug-18296173-18296188,14,88,65,13,13,75,52,24
133-A-bug-18327759-18327824,14,88,79,13,5,75,74,29
133-A-bug-18348504-18348539,14,88,81,13,7,75,74,25
133-A-bug-18355672-18355701,14,88,65,13,13,75,52,25
133-C-bug-925626-925706,14,19,19,19,19,0,0,27
133-C-bug-927836-927839,14,19,19,8,8,11,11,8
137-A-bug-11590458-11590515,14,50,37,15,2,35,35,34
137-A-bug-8134102-8134128,14,50,37,9,9,41,28,28
147-A-bug-1015775-1015776,14,78,65,46,33,32,32,26
147-A-bug-1045602-1045611,14,79,56,45,24,34,32,31
147-A-bug-12915557-12915622,14,74,38,38,38,36,0,26
174-B-bug-1501641-1501825,14,69,67,4,2,65,65,55
180-C-bug-15764515-15764561,14,20,7,6,6,14,1,25
197-C-bug-11986074-11986110,14,23,23,23,23,0,0,24
197-C-bug-2103086-2103090,14,23,23,6,6,17,17,27
202-A-bug-1864388-1905671,14,59,36,29,14,30,22,32
202-A-bug-1938570-1938571,14,59,39,59,39,0,0,25
208-A-bug-17532993-17533015,14,73,44,59,34,14,10,29
208-A-bug-17922157-17922172,14,25,15,15,15,10,0,23
208-A-bug-18102368-18102377,14,62,62,62,62,0,0,25
208-A-bug-18110250-18110255,14,74,47,68,41,6,6,34
208-A-bug-18123262-18123289,14,74,68,68,62,6,6,33
208-A-bug-18123271-18123289,14,74,47,68,41,6,6,38
208-A-bug-18260832-18260860,14,74,41,41,41,33,0,29
208-A-bug-18266864-18266892,14,81,47,31,29,50,18,36
208-A-bug-18351096-18351104,14,74,33,33,33,41,0,24
236-A-bug-18003726-18007529,14,91,64,39,38,52,26,51
236-A-bug-18003976-18004085,14,89,89,89,89,0,0,27
236-A-bug-18007495-18007529,14,89,89,89,89,0,0,27
236-A-bug-18227052-18227120,14,91,64,39,39,52,25,43
236-A-bug-18338107-18338153,14,91,54,37,13,54,41,54
245-B-bug-15450004-15450022,14,26,23,4,1,22,22,48
245-B-bug-15926715-15927032,14,26,18,4,2,22,16,46
276-B-bug-10441668-10441759,14,33,29,6,5,27,24,24
276-B-bug-14833281-14833300,14,41,37,6,5,35,32,24
276-B-bug-15034096-15034124,14,46,40,6,5,40,35,24
276-B-bug-4820773-4820788,14,33,28,6,1,27,27,25
276-B-bug-5933556-5940552,14,41,37,6,5,35,32,24
276-B-bug-5933573-5940552,14,41,36,6,1,35,35,40
276-B-bug-6188908-6188949,14,41,21,6,5,35,16,24
281-A-bug-18132658-18132720,14,49,49,3,3,46,46,24
291-B-bug-3524194-3524237,14,21,15,21,15,0,0,25
291-B-bug-3537395-3537438,14,21,6,4,4,17,2,35
291-B-bug-3539893-3539896,14,23,4,4,4,19,0,24
291-B-bug-3726598-3726610,14,23,5,4,4,19,1,24
291-B-bug-6753127-6753143,14,31,4,2,2,29,2,30
316-A1-bug-3879223-3879239,14,35,27,4,2,31,25,30
316-A2-bug-3868271-3868327,14,27,17,17,17,10,0,23
316-A2-bug-3876995-3877003,14,36,26,4,4,32,22,37
31-B-bug-10514546-10514583,14,84,9,9,9,75,0,24
31-B-bug-10514554-10514583,14,84,14,9,8,75,6,29
31-B-bug-10514570-10514583,14,96,40,7,6,89,34,30
31-B-bug-136044-136045,14,68,33,48,13,20,20,25
31-B-bug-14199570-14199578,14,74,9,9,9,65,0,24
31-B-bug-14288247-14288278,14,74,9,9,9,65,0,24
31-B-bug-512114-512120,14,72,9,9,9,63,0,24
31-B-bug-6435804-6435825,14,90,72,5,4,85,68,28
353-D-bug-4926926-4926955,14,27,20,9,2,18,18,41
353-D-bug-6175754-6175760,14,24,19,6,1,18,18,57
363-C-bug-13754002-13754097,14,45,45,2,2,43,43,40
363-C-bug-5405641-5405684,14,31,25,9,3,22,22,37
385-B-bug-11063177-11063186,14,17,14,8,5,9,9,35
385-B-bug-17596493-17596993,14,17,16,3,2,14,14,50
385-B-bug-6898992-6898998,14,17,17,8,8,9,9,34
393-A-bug-10224824-10224841,14,77,3,3,3,74,0,27
393-A-bug-12975319-12975331,14,68,7,7,7,61,0,23
393-A-bug-13882866-13882981,14,62,42,21,1,41,41,123
393-A-bug-13915086-13915488,14,72,60,13,1,59,59,233
393-A-bug-13915169-13915488,14,102,97,6,1,96,96,148
393-A-bug-14052177-14052206,14,62,28,9,2,53,26,104
411-A-bug-14678684-14678713,14,143,80,5,5,138,75,38
411-A-bug-9661639-9661654,14,143,80,5,5,138,75,41
41-C-bug-10642948-10642983,14,56,36,21,1,35,35,59
41-C-bug-10642957-10642983,14,55,45,10,2,45,43,50
41-C-bug-10642972-10642983,14,55,53,4,2,51,51,47
41-C-bug-10643130-10643148,14,57,28,31,2,26,26,53
41-C-bug-16825894-16825911,14,57,38,21,2,36,36,37
41-C-bug-17904918-17904940,14,92,85,2,2,90,83,58
41-C-bug-17904924-17904940,14,56,36,21,1,35,35,42
41-C-bug-17917572-17917578,14,63,37,16,1,47,36,35
41-C-bug-187321-187384,14,56,37,21,2,35,35,45
41-C-bug-736212-736216,14,63,51,16,4,47,47,28
420-A-bug-13091991-13091997,14,79,66,23,17,56,49,29
420-A-bug-14171953-14171970,14,78,68,7,6,71,62,30
420-A-bug-14755133-14755144,14,129,129,5,5,124,124,24
420-A-bug-16671795-16671832,14,79,57,43,43,36,14,24
451-D-bug-7249921-7249950,14,19,9,17,7,2,2,26
505-A-bug-10101095-10101109,14,56,50,6,5,50,45,34
505-A-bug-10513326-10513335,14,43,30,17,16,26,14,30
538-A-bug-14000679-14000824,14,79,77,3,1,76,76,53
538-A-bug-16876247-16876282,14,102,102,2,2,100,100,65
575-D-bug-12872706-12872745,14,3,3,3,3,0,0,24
58-A-bug-17762757-17762804,14,45,7,7,7,38,0,27
58-A-bug-18163826-18163845,14,42,17,17,17,25,0,28
58-A-bug-18231253-18231295,14,43,40,5,2,38,38,51
59-A-bug-17307162-17307176,14,34,34,34,34,0,0,28
600-A-bug-18147663-18147679,14,37,36,3,2,34,34,25
600-A-bug-18147672-18147679,14,37,35,3,1,34,34,26
665-C-bug-17762752-17762802,14,21,21,4,4,17,17,24
677-C-bug-18262604-18262617,14,21,16,16,16,5,0,24
8-B-bug-17229415-17229625,14,69,57,15,4,54,53,69
8-B-bug-36489-36547,14,91,91,2,2,89,89,25
8-B-bug-37890-37891,14,82,75,8,1,74,74,77
8-B-bug-459037-459038,14,63,63,63,63,0,0,23
113-A-bug-683826-683913,15,356,304,53,3,303,301,85
113-A-bug-691902-691903,15,360,339,25,4,335,335,79
118-A-bug-18073097-18080639,15,57,51,15,9,42,42,23
118-A-bug-18103516-18103560,15,57,53,15,11,42,42,29
118-A-bug-18109879-18109907,15,57,49,15,7,42,42,29
118-A-bug-18134274-18134357,15,57,51,15,9,42,42,23
118-A-bug-18174609-18174835,15,57,46,15,4,42,42,30
118-A-bug-18174643-18174835,15,57,51,15,9,42,42,30
118-A-bug-18174652-18174835,15,57,46,15,4,42,42,29
118-A-bug-18174751-18174835,15,57,51,15,9,42,42,23
118-A-bug-18282023-18282195,15,57,46,15,4,42,42,29
118-A-bug-18294639-18294683,15,57,51,15,9,42,42,32
118-A-bug-18327752-18328450,15,57,57,11,11,46,46,25
123-A-bug-1869815-1869826,15,34,23,17,9,17,14,29
126-B-bug-16617781-16617816,15,48,42,8,2,40,40,28
131-A-bug-18069181-18073244,15,61,52,10,4,51,48,24
131-A-bug-18178430-18178436,15,65,62,4,4,61,58,24
131-A-bug-18178468-18252378,15,62,14,10,6,52,8,29
131-A-bug-18296690-18296701,15,65,62,4,4,61,58,24
133-A-bug-17969403-17975791,15,88,81,13,7,75,74,27
133-A-bug-17993292-17993355,15,88,65,13,13,75,52,24
133-A-bug-18017249-18017267,15,88,81,13,7,75,74,27
133-A-bug-18047608-18047662,15,88,80,13,6,75,74,28
133-A-bug-18066416-18066518,15,88,79,13,5,75,74,30
133-A-bug-18158271-18158334,15,88,65,13,13,75,52,24
133-A-bug-18158313-18158334,15,90,72,12,12,78,60,29
133-A-bug-18217634-18217677,15,88,78,13,3,75,75,30
133-A-bug-18285631-18285709,15,88,81,13,7,75,74,25
133-A-bug-18285699-18285856,15,88,40,69,21,19,19,30
133-A-bug-18285725-18285856,15,88,65,13,13,75,52,25
133-A-bug-18286216-18286228,15,88,65,13,13,75,52,25
133-A-bug-18292018-18292024,15,88,65,13,13,75,52,23
133-A-bug-18296173-18296188,15,88,65,13,13,75,52,24
133-A-bug-18327759-18327824,15,88,65,13,13,75,52,24
133-A-bug-18348504-18348539,15,88,65,13,13,75,52,25
133-A-bug-18355672-18355701,15,88,80,13,5,75,75,27
133-C-bug-925626-925706,15,19,19,19,19,0,0,25
133-C-bug-927836-927839,15,19,19,8,8,11,11,5
137-A-bug-11590458-11590515,15,50,39,15,4,35,35,42
137-A-bug-8134102-8134128,15,50,42,9,7,41,35,29
147-A-bug-1015775-1015776,15,78,48,46,46,32,2,24
147-A-bug-1045602-1045611,15,79,60,45,30,34,30,26
147-A-bug-1045605-1045611,15,78,44,44,44,34,0,28
147-A-bug-12915557-12915622,15,74,38,38,38,36,0,26
174-B-bug-1501641-1501825,15,69,66,4,1,65,65,66
174-B-bug-1504776-1504783,15,90,86,6,2,84,84,63
180-C-bug-15764515-15764561,15,20,6,6,6,14,0,25
197-C-bug-11986074-11986110,15,23,23,23,23,0,0,27
197-C-bug-2103086-2103090,15,23,21,6,4,17,17,26
202-A-bug-1864388-1905671,15,59,40,29,28,30,12,26
202-A-bug-1938570-1938571,15,59,59,59,59,0,0,24
208-A-bug-17292049-17292076,15,73,40,40,40,33,0,26
208-A-bug-17532993-17533015,15,73,58,59,58,14,0,29
208-A-bug-17922157-17922172,15,25,16,15,15,10,1,26
208-A-bug-18102368-18102377,15,62,61,62,61,0,0,29
208-A-bug-18110250-18110255,15,74,9,68,3,6,6,34
208-A-bug-18123262-18123289,15,74,49,68,43,6,6,42
208-A-bug-18260832-18260860,15,74,41,41,41,33,0,29
208-A-bug-18266864-18266892,15,81,40,31,31,50,9,46
208-A-bug-18351096-18351104,15,74,32,33,32,41,0,29
236-A-bug-18003726-18007529,15,91,64,39,39,52,25,38
236-A-bug-18003976-18004085,15,89,89,89,89,0,0,24
236-A-bug-18007495-18007529,15,89,89,89,89,0,0,25
236-A-bug-18227052-18227120,15,91,64,39,39,52,25,70
236-A-bug-18338107-18338153,15,91,62,37,36,54,26,62
245-B-bug-15450004-15450022,15,26,24,4,2,22,22,46
245-B-bug-15926715-15927032,15,26,24,4,2,22,22,46
276-B-bug-10441668-10441759,15,33,29,6,5,27,24,25
276-B-bug-14833281-14833300,15,41,36,6,1,35,35,25
276-B-bug-15034096-15034124,15,46,40,6,5,40,35,24
276-B-bug-4820773-4820788,15,33,29,6,5,27,24,24
276-B-bug-5933573-5940552,15,41,36,6,1,35,35,40
276-B-bug-6188908-6188949,15,41,36,6,1,35,35,40
281-A-bug-18132658-18132720,15,49,49,3,3,46,46,23
291-B-bug-3524194-3524237,15,21,18,21,18,0,0,29
291-B-bug-3537395-3537438,15,21,6,4,4,17,2,34
291-B-bug-3539893-3539896,15,23,4,4,4,19,0,24
291-B-bug-3726598-3726610,15,23,4,4,4,19,0,24
291-B-bug-6753127-6753143,15,31,4,2,2,29,2,30
316-A1-bug-3879223-3879239,15,35,12,4,4,31,8,33
316-A2-bug-3868271-3868327,15,27,18,17,17,10,1,23
316-A2-bug-3876995-3877003,15,36,26,4,4,32,22,37
31-B-bug-10514546-10514583,15,84,14,9,8,75,6,29
31-B-bug-10514554-10514583,15,84,10,9,9,75,1,31
31-B-bug-10514570-10514583,15,96,42,7,6,89,36,33
31-B-bug-14199570-14199578,15,74,9,9,9,65,0,24
31-B-bug-14288247-14288278,15,74,9,9,9,65,0,24
31-B-bug-512116-512120,15,68,40,40,40,28,0,24
31-B-bug-6435804-6435825,15,90,72,5,4,85,68,26
353-D-bug-4926926-4926955,15,27,18,9,1,18,17,45
353-D-bug-6175754-6175760,15,24,21,6,3,18,18,54
363-C-bug-13754002-13754097,15,45,45,2,2,43,43,40
363-C-bug-5405641-5405684,15,31,25,9,3,22,22,37
385-B-bug-11063177-11063186,15,17,14,8,5,9,9,35
385-B-bug-17596493-17596993,15,17,16,3,2,14,14,50
385-B-bug-6898992-6898998,15,17,14,8,5,9,9,35
385-B-bug-9215199-9215223,15,17,5,10,3,7,2,35
393-A-bug-10224824-10224841,15,77,49,3,3,74,46,26
393-A-bug-12975319-12975331,15,68,61,7,2,61,59,24
393-A-bug-13882866-13882981,15,62,42,21,1,41,41,98
393-A-bug-13915086-13915488,15,72,60,13,1,59,59,112
393-A-bug-13915169-13915488,15,102,99,6,3,96,96,105
393-A-bug-14052177-14052206,15,62,47,9,1,53,46,85
411-A-bug-14678684-14678713,15,143,80,5,5,138,75,41
411-A-bug-9661639-9661654,15,143,80,5,5,138,75,41
41-C-bug-10642948-10642983,15,56,37,21,2,35,35,45
41-C-bug-10642957-10642983,15,55,46,10,1,45,45,52
41-C-bug-10642972-10642983,15,55,52,4,1,51,51,51
41-C-bug-10643130-10643148,15,57,27,31,1,26,26,45
41-C-bug-16825894-16825911,15,57,37,21,1,36,36,41
41-C-bug-17904918-17904940,15,92,85,2,2,90,83,58
41-C-bug-17904924-17904940,15,56,37,21,2,35,35,45
41-C-bug-17917572-17917578,15,63,48,16,1,47,47,35
41-C-bug-187321-187384,15,56,36,21,1,35,35,42
41-C-bug-736212-736216,15,63,48,16,1,47,47,32
420-A-bug-13091991-13091997,15,79,56,23,16,56,40,24
420-A-bug-14171953-14171970,15,78,74,7,4,71,70,26
420-A-bug-14755133-14755144,15,129,129,5,5,124,124,25
420-A-bug-16671795-16671832,15,79,56,43,43,36,13,24
451-D-bug-7249921-7249950,15,19,19,17,17,2,2,23
505-A-bug-10101095-10101109,15,56,50,6,5,50,45,34
505-A-bug-10513326-10513335,15,43,31,17,13,26,18,31
538-A-bug-16876247-16876282,15,102,102,2,2,100,100,65
550-A-bug-17839318-17839327,15,83,72,12,2,71,70,36
575-D-bug-12872706-12872745,15,3,3,3,3,0,0,24
58-A-bug-17762757-17762804,15,45,7,7,7,38,0,24
58-A-bug-18163826-18163845,15,42,17,17,17,25,0,28
58-A-bug-18231253-18231295,15,43,40,5,2,38,38,51
59-A-bug-17307162-17307176,15,34,34,34,34,0,0,29
600-A-bug-18147663-18147679,15,37,17,3,3,34,14,25
600-A-bug-18147672-18147679,15,37,34,3,1,34,33,26
665-C-bug-17762752-17762802,15,21,21,4,4,17,17,24
677-C-bug-18206311-18206325,15,21,17,17,17,4,0,29
677-C-bug-18262604-18262617,15,21,16,16,16,5,0,29
8-B-bug-17229415-17229625,15,69,56,15,4,54,52,34
8-B-bug-36489-36547,15,91,91,2,2,89,89,25
8-B-bug-37890-37891,15,82,75,8,1,74,74,43
8-B-bug-459037-459038,15,63,63,63,63,0,0,24
113-A-bug-683826-683913,16,356,308,53,7,303,301,67
113-A-bug-691902-691903,16,360,336,25,1,335,335,75
118-A-bug-18073097-18080639,16,57,53,15,11,42,42,29
118-A-bug-18103516-18103560,16,57,53,15,11,42,42,28
118-A-bug-18109879-18109907,16,57,51,15,9,42,42,29
118-A-bug-18134274-18134357,16,57,51,15,9,42,42,23
118-A-bug-18174609-18174835,16,57,53,15,11,42,42,29
118-A-bug-18174643-18174835,16,57,53,15,11,42,42,29
118-A-bug-18174652-18174835,16,57,51,15,9,42,42,29
118-A-bug-18174751-18174835,16,57,51,15,9,42,42,23
118-A-bug-18282023-18282195,16,57,53,15,11,42,42,29
118-A-bug-18294639-18294683,16,57,46,15,4,42,42,30
118-A-bug-18327752-18328450,16,57,57,11,11,46,46,28
123-A-bug-1869815-1869826,16,34,21,17,4,17,17,27
124-C-bug-5745829-5746012,16,62,58,8,4,54,54,27
126-B-bug-16617781-16617816,16,48,41,8,1,40,40,36
126-B-bug-6462704-6462737,16,48,41,10,3,38,38,26
131-A-bug-18069181-18073244,16,61,14,10,6,51,8,29
131-A-bug-18178430-18178436,16,65,65,4,4,61,61,24
131-A-bug-18178468-18252378,16,62,51,10,6,52,45,24
131-A-bug-18296690-18296701,16,65,62,4,4,61,58,24
133-A-bug-17969403-17975791,16,88,81,13,7,75,74,25
133-A-bug-17992884-17992958,16,88,65,13,13,75,52,25
133-A-bug-17993292-17993355,16,88,65,13,13,75,52,23
133-A-bug-18017249-18017267,16,88,65,13,13,75,52,23
133-A-bug-18047608-18047662,16,88,79,13,5,75,74,30
133-A-bug-18048780-18048793,16,87,36,32,32,55,4,24
133-A-bug-18066416-18066518,16,88,79,13,5,75,74,29
133-A-bug-18158271-18158334,16,88,79,13,5,75,74,29
133-A-bug-18158313-18158334,16,90,72,12,12,78,60,24
133-A-bug-18285631-18285709,16,88,81,13,7,75,74,27
133-A-bug-18285725-18285856,16,88,65,13,13,75,52,25
133-A-bug-18286216-18286228,16,88,65,13,13,75,52,23
133-A-bug-18292018-18292024,16,88,65,13,13,75,52,25
133-A-bug-18296173-18296188,16,88,79,13,5,75,74,29
133-A-bug-18327759-18327824,16,88,65,13,13,75,52,24
133-A-bug-18348504-18348539,16,88,65,13,13,75,52,24
133-A-bug-18355672-18355701,16,88,79,13,5,75,74,29
133-C-bug-925626-925706,16,19,19,19,19,0,0,25
133-C-bug-927836-927839,16,19,19,8,8,11,11,6
137-A-bug-11590458-11590515,16,50,46,15,11,35,35,42
137-A-bug-8134102-8134128,16,50,42,9,7,41,35,29
147-A-bug-1015775-1015776,16,78,46,46,46,32,0,28
147-A-bug-1045602-1045611,16,79,47,45,45,34,2,32
147-A-bug-1045605-1045611,16,78,44,44,44,34,0,27
174-B-bug-1501641-1501825,16,69,66,4,1,65,65,45
174-B-bug-1504776-1504783,16,90,86,6,2,84,84,63
180-C-bug-15764515-15764561,16,20,6,6,6,14,0,25
197-C-bug-11986074-11986110,16,23,23,23,23,0,0,25
197-C-bug-2103086-2103090,16,23,23,6,6,17,17,28
202-A-bug-1864388-1905671,16,59,43,29,18,30,25,26
202-A-bug-1938570-1938571,16,59,51,59,51,0,0,25
208-A-bug-17292049-17292076,16,73,40,41,39,32,1,31
208-A-bug-17922157-17922172,16,25,16,15,15,10,1,26
208-A-bug-18102368-18102377,16,62,62,62,62,0,0,26
208-A-bug-18123271-18123289,16,74,11,68,5,6,6,39
208-A-bug-18260832-18260860,16,74,41,41,41,33,0,29
208-A-bug-18351096-18351104,16,74,31,33,31,41,0,31
236-A-bug-18003726-18007529,16,91,58,39,27,52,31,74
236-A-bug-18003976-18004085,16,89,89,89,89,0,0,27
236-A-bug-18007495-18007529,16,89,89,89,89,0,0,29
236-A-bug-18227052-18227120,16,91,64,39,39,52,25,51
236-A-bug-18338107-18338153,16,91,62,37,36,54,26,62
245-B-bug-15450004-15450022,16,26,24,4,2,22,22,46
245-B-bug-15926715-15927032,16,26,19,4,3,22,16,43
276-B-bug-10441668-10441759,16,33,28,6,1,27,27,25
276-B-bug-13314488-13314500,16,33,28,6,1,27,27,40
276-B-bug-14833281-14833300,16,41,37,6,5,35,32,25
276-B-bug-15034096-15034124,16,46,40,6,5,40,35,24
276-B-bug-4820773-4820788,16,33,28,6,1,27,27,40
276-B-bug-5933556-5940552,16,41,37,6,5,35,32,25
276-B-bug-6188908-6188949,16,41,37,6,5,35,32,24
281-A-bug-18132658-18132720,16,49,49,3,3,46,46,24
291-B-bug-3524194-3524237,16,21,21,21,21,0,0,23
291-B-bug-3537395-3537438,16,21,5,4,4,17,1,35
291-B-bug-3539893-3539896,16,23,4,4,4,19,0,24
291-B-bug-3726598-3726610,16,23,4,4,4,19,0,24
291-B-bug-6753127-6753143,16,31,4,2,2,29,2,30
316-A1-bug-3879223-3879239,16,35,12,4,2,31,10,25
316-A2-bug-3868271-3868327,16,27,11,17,4,10,7,24
316-A2-bug-3876995-3877003,16,36,26,4,4,32,22,36
31-B-bug-10514546-10514583,16,84,9,9,9,75,0,24
31-B-bug-10514554-10514583,16,84,17,9,9,75,8,31
31-B-bug-10514570-10514583,16,96,40,7,6,89,34,30
31-B-bug-136044-136045,16,68,41,48,21,20,20,24
31-B-bug-14288247-14288278,16,74,9,9,9,65,0,24
31-B-bug-512114-512120,16,72,9,9,9,63,0,24
31-B-bug-512116-512120,16,68,40,40,40,28,0,24
31-B-bug-6435804-6435825,16,90,72,5,4,85,68,28
353-D-bug-4926926-4926955,16,27,21,9,4,18,17,41
353-D-bug-6175754-6175760,16,24,19,6,1,18,18,45
363-C-bug-13754002-13754097,16,45,45,2,2,43,43,40
363-C-bug-5405641-5405684,16,31,26,9,4,22,22,58
385-B-bug-11063177-11063186,16,17,11,8,2,9,9,48
385-B-bug-17596493-17596993,16,17,15,3,1,14,14,52
385-B-bug-6898992-6898998,16,17,14,8,5,9,9,35
385-B-bug-9215199-9215223,16,17,5,10,3,7,2,35
393-A-bug-10224824-10224841,16,77,47,3,3,74,44,26
393-A-bug-12975319-12975331,16,68,43,7,7,61,36,26
393-A-bug-13882866-13882981,16,62,42,21,1,41,41,272
393-A-bug-13915086-13915488,16,72,60,13,1,59,59,122
393-A-bug-13915169-13915488,16,102,97,6,1,96,96,114
393-A-bug-14052177-14052206,16,62,54,9,1,53,53,48
411-A-bug-14678684-14678713,16,143,80,5,5,138,75,38
411-A-bug-9661639-9661654,16,143,80,5,5,138,75,38
41-C-bug-10642948-10642983,16,56,36,21,1,35,35,41
41-C-bug-10642957-10642983,16,55,46,10,1,45,45,51
41-C-bug-10642972-10642983,16,55,53,4,2,51,51,47
41-C-bug-10643130-10643148,16,57,28,31,2,26,26,53
41-C-bug-16825894-16825911,16,57,37,21,1,36,36,44
41-C-bug-17904918-17904940,16,92,92,2,2,90,90,58
41-C-bug-17904924-17904940,16,56,36,21,1,35,35,47
41-C-bug-17917572-17917578,16,63,53,16,6,47,47,34
41-C-bug-187321-187384,16,56,37,21,3,35,34,57
41-C-bug-736212-736216,16,63,49,16,2,47,47,30
420-A-bug-13091991-13091997,16,79,56,23,16,56,40,26
420-A-bug-14171953-14171970,16,78,52,7,6,71,46,26
420-A-bug-14755133-14755144,16,129,129,5,5,124,124,24
420-A-bug-16671795-16671832,16,79,45,43,43,36,2,24
451-D-bug-7249921-7249950,16,19,19,17,17,2,2,23
505-A-bug-10101095-10101109,16,56,50,6,5,50,45,38
505-A-bug-10513326-10513335,16,43,30,17,16,26,14,30
538-A-bug-14000679-14000824,16,79,78,3,2,76,76,76
538-A-bug-16876247-16876282,16,102,102,2,2,100,100,65
550-A-bug-17839318-17839327,16,83,72,12,1,71,71,31
575-D-bug-12872706-12872745,16,3,3,3,3,0,0,24
58-A-bug-17762757-17762804,16,45,7,7,7,38,0,26
58-A-bug-18163826-18163845,16,42,13,17,9,25,4,25
58-A-bug-18231253-18231295,16,43,40,5,2,38,38,41
59-A-bug-17307162-17307176,16,34,34,34,34,0,0,29
600-A-bug-18147663-18147679,16,37,36,3,2,34,34,25
600-A-bug-18147672-18147679,16,37,36,3,2,34,34,25
665-C-bug-17762752-17762802,16,21,21,4,4,17,17,24
8-B-bug-17229415-17229625,16,69,57,15,4,54,53,44
8-B-bug-36489-36547,16,91,91,2,2,89,89,25
8-B-bug-37890-37891,16,82,75,8,1,74,74,44
8-B-bug-459037-459038,16,63,63,63,63,0,0,24
113-A-bug-683826-683913,17,356,302,53,1,303,301,58
113-A-bug-691902-691903,17,360,333,25,3,335,330,59
118-A-bug-18073097-18080639,17,57,51,15,9,42,42,32
118-A-bug-18103516-18103560,17,57,53,15,11,42,42,28
118-A-bug-18109879-18109907,17,57,49,15,7,42,42,29
118-A-bug-18134274-18134357,17,57,51,15,9,42,42,23
118-A-bug-18144017-18166218,17,75,72,4,1,71,71,260
118-A-bug-18174609-18174835,17,57,51,15,9,42,42,29
118-A-bug-18174643-18174835,17,57,51,15,9,42,42,29
118-A-bug-18174652-18174835,17,57,49,15,7,42,42,31
118-A-bug-18174751-18174835,17,57,53,15,11,42,42,28
118-A-bug-18282023-18282195,17,57,53,15,11,42,42,28
118-A-bug-18294639-18294683,17,57,46,15,4,42,42,29
118-A-bug-18327752-18328450,17,57,57,11,11,46,46,29
126-B-bug-16617781-16617816,17,48,41,8,1,40,40,46
126-B-bug-6462704-6462737,17,48,41,10,3,38,38,25
131-A-bug-18069181-18073244,17,61,50,10,6,51,44,24
131-A-bug-18178430-18178436,17,65,62,4,4,61,58,24
131-A-bug-18178468-18252378,17,62,55,10,4,52,51,24
131-A-bug-18296690-18296701,17,65,62,4,4,61,58,24
133-A-bug-17969403-17975791,17,88,65,13,13,75,52,23
133-A-bug-17992884-17992958,17,88,65,13,13,75,52,24
133-A-bug-17993292-17993355,17,88,65,13,13,75,52,25
133-A-bug-18047608-18047662,17,88,65,13,13,75,52,24
133-A-bug-18066416-18066518,17,88,65,13,13,75,52,25
133-A-bug-18158271-18158334,17,88,80,13,5,75,75,27
133-A-bug-18217634-18217677,17,88,65,13,13,75,52,25
133-A-bug-18285631-18285709,17,88,65,13,13,75,52,24
133-A-bug-18285699-18285856,17,88,47,69,39,19,8,27
133-A-bug-18285725-18285856,17,88,65,13,13,75,52,25
133-A-bug-18286216-18286228,17,88,78,13,3,75,75,30
133-A-bug-18292018-18292024,17,88,65,13,13,75,52,25
133-A-bug-18296173-18296188,17,88,81,13,7,75,74,25
133-A-bug-18327759-18327824,17,88,65,13,13,75,52,25
133-A-bug-18355672-18355701,17,88,65,13,13,75,52,25
133-C-bug-927836-927839,17,19,19,8,8,11,11,6
137-A-bug-11590458-11590515,17,50,38,15,3,35,35,35
137-A-bug-8134102-8134128,17,50,42,9,7,41,35,29
147-A-bug-1015775-1015776,17,78,65,46,33,32,32,24
147-A-bug-1045602-1045611,17,79,47,45,45,34,2,32
147-A-bug-1045605-1045611,17,78,46,44,44,34,2,31
147-A-bug-12915557-12915622,17,74,38,38,38,36,0,27
174-B-bug-1501641-1501825,17,69,65,4,2,65,63,55
174-B-bug-1504776-1504783,17,90,86,6,2,84,84,63
180-C-bug-15764515-15764561,17,20,6,6,6,14,0,25
197-C-bug-11986074-11986110,17,23,17,23,17,0,0,28
197-C-bug-2103086-2103090,17,23,10,6,5,17,5,29
202-A-bug-1864388-1905671,17,59,39,29,28,30,11,32
202-A-bug-1938570-1938571,17,59,59,59,59,0,0,26
208-A-bug-17532993-17533015,17,73,59,59,59,14,0,29
208-A-bug-18102368-18102377,17,62,62,62,62,0,0,28
208-A-bug-18110250-18110255,17,74,47,68,41,6,6,34
208-A-bug-18123262-18123289,17,74,32,68,26,6,6,34
208-A-bug-18260832-18260860,17,74,41,41,41,33,0,30
208-A-bug-18351096-18351104,17,74,33,33,33,41,0,24
236-A-bug-18003726-18007529,17,91,53,39,1,52,52,31
236-A-bug-18003976-18004085,17,89,89,89,89,0,0,25
236-A-bug-18007495-18007529,17,89,89,89,89,0,0,28
236-A-bug-18227052-18227120,17,91,65,39,38,52,27,66
236-A-bug-18338107-18338153,17,91,62,37,36,54,26,62
245-B-bug-15450004-15450022,17,26,19,4,3,22,16,43
245-B-bug-15926715-15927032,17,26,23,4,1,22,22,48
276-B-bug-10441668-10441759,17,33,29,6,5,27,24,24
276-B-bug-14833281-14833300,17,41,37,6,5,35,32,24
276-B-bug-15034096-15034124,17,46,41,6,1,40,40,25
276-B-bug-16707425-16707470,17,35,25,11,5,24,20,51
276-B-bug-4820773-4820788,17,33,29,6,5,27,24,25
276-B-bug-5933556-5940552,17,41,37,6,5,35,32,25
276-B-bug-6188908-6188949,17,41,21,6,5,35,16,24
281-A-bug-18132658-18132720,17,49,49,3,3,46,46,24
291-B-bug-3524194-3524237,17,21,10,21,10,0,0,7
291-B-bug-3537395-3537438,17,21,20,4,3,17,17,35
291-B-bug-3539893-3539896,17,23,4,4,4,19,0,24
291-B-bug-3726598-3726610,17,23,4,4,4,19,0,24
291-B-bug-6753127-6753143,17,31,4,2,2,29,2,30
316-A1-bug-3879223-3879239,17,35,12,4,2,31,10,25
316-A2-bug-3868271-3868327,17,27,17,17,17,10,0,24
316-A2-bug-3876995-3877003,17,36,24,4,4,32,20,37
31-B-bug-10514546-10514583,17,84,10,9,9,75,1,31
31-B-bug-10514554-10514583,17,84,9,9,9,75,0,24
31-B-bug-136044-136045,17,68,56,48,48,20,8,26
31-B-bug-14199570-14199578,17,74,9,9,9,65,0,24
31-B-bug-14288247-14288278,17,74,30,9,9,65,21,25
31-B-bug-512114-512120,17,72,29,9,9,63,20,25
31-B-bug-512116-512120,17,68,37,40,9,28,28,24
31-B-bug-6435804-6435825,17,90,72,5,4,85,68,26
353-D-bug-4926926-4926955,17,27,19,9,1,18,18,48
353-D-bug-6175754-6175760,17,24,20,6,2,18,18,49
363-C-bug-13754002-13754097,17,45,45,2,2,43,43,40
385-B-bug-11063177-11063186,17,17,14,8,5,9,9,35
385-B-bug-17596493-17596993,17,17,16,3,2,14,14,50
385-B-bug-6898992-6898998,17,17,11,8,2,9,9,48
385-B-bug-9215199-9215223,17,17,5,10,3,7,2,35
393-A-bug-10224824-10224841,17,77,3,3,3,74,0,27
393-A-bug-12975319-12975331,17,68,25,7,5,61,20,29
393-A-bug-13882866-13882981,17,62,42,21,1,41,41,272
393-A-bug-13915086-13915488,17,72,60,13,1,59,59,122
393-A-bug-13915169-13915488,17,102,97,6,1,96,96,114
393-A-bug-14052177-14052206,17,62,54,9,1,53,53,83
411-A-bug-14678684-14678713,17,143,80,5,5,138,75,38
411-A-bug-9661639-9661654,17,143,80,5,5,138,75,41
41-C-bug-10642948-10642983,17,56,36,21,1,35,35,44
41-C-bug-10642957-10642983,17,55,46,10,1,45,45,51
41-C-bug-10642972-10642983,17,55,52,4,1,51,51,51
41-C-bug-10643130-10643148,17,57,32,31,6,26,26,45
41-C-bug-16825894-16825911,17,57,38,21,2,36,36,40
41-C-bug-17904918-17904940,17,92,85,2,2,90,83,57
41-C-bug-17904924-17904940,17,56,36,21,1,35,35,59
41-C-bug-17917572-17917578,17,63,49,16,2,47,47,34
41-C-bug-187321-187384,17,56,37,21,2,35,35,40
41-C-bug-736212-736216,17,63,50,16,3,47,47,28
420-A-bug-13091991-13091997,17,79,63,23,16,56,47,24
420-A-bug-14171953-14171970,17,78,68,7,6,71,62,30
420-A-bug-14755133-14755144,17,129,129,5,5,124,124,24
420-A-bug-16671795-16671832,17,79,53,43,43,36,10,24
451-D-bug-7249921-7249950,17,19,8,17,6,2,2,25
505-A-bug-10101095-10101109,17,56,51,6,1,50,50,30
505-A-bug-10513326-10513335,17,43,30,17,16,26,14,31
538-A-bug-14000679-14000824,17,79,78,3,2,76,76,77
538-A-bug-16876247-16876282,17,102,102,2,2,100,100,65
550-A-bug-17839318-17839327,17,83,79,12,9,71,70,36
575-D-bug-12872706-12872745,17,3,3,3,3,0,0,24
58-A-bug-17762757-17762804,17,45,7,7,7,38,0,24
58-A-bug-18163826-18163845,17,42,17,17,17,25,0,24
58-A-bug-18231253-18231295,17,43,40,5,2,38,38,51
59-A-bug-17307162-17307176,17,34,34,34,34,0,0,25
59-A-bug-17706574-17706595,17,43,40,3,0,40,40,258
600-A-bug-18147663-18147679,17,37,36,3,2,34,34,25
600-A-bug-18147672-18147679,17,37,17,3,3,34,14,25
665-C-bug-17762752-17762802,17,21,21,4,4,17,17,24
677-C-bug-18192762-18193123,17,26,16,16,16,10,0,23
677-C-bug-18206311-18206325,17,21,17,17,17,4,0,25
8-B-bug-17229415-17229625,17,69,57,15,4,54,53,69
8-B-bug-36489-36547,17,91,91,2,2,89,89,25
8-B-bug-37890-37891,17,82,76,8,2,74,74,30
8-B-bug-459037-459038,17,63,44,63,44,0,0,27
113-A-bug-683826-683913,18,356,298,53,3,303,295,73
113-A-bug-691902-691903,18,360,336,25,4,335,332,68
118-A-bug-18073097-18080639,18,57,51,15,9,42,42,29
118-A-bug-18103516-18103560,18,57,47,15,5,42,42,29
118-A-bug-18109879-18109907,18,57,53,15,11,42,42,26
118-A-bug-18134274-18134357,18,57,53,15,11,42,42,28
118-A-bug-18144017-18166218,18,75,72,4,1,71,71,260
118-A-bug-18174609-18174835,18,57,49,15,7,42,42,30
118-A-bug-18174643-18174835,18,57,53,15,11,42,42,29
118-A-bug-18174652-18174835,18,57,51,15,9,42,42,29
118-A-bug-18174751-18174835,18,57,19,15,15,42,4,31
118-A-bug-18282023-18282195,18,57,46,15,4,42,42,29
118-A-bug-18294639-18294683,18,57,49,15,7,42,42,29
118-A-bug-18327752-18328450,18,57,57,11,11,46,46,29
123-A-bug-1869815-1869826,18,34,20,17,3,17,17,31
124-C-bug-5745829-5746012,18,62,58,8,4,54,54,27
126-B-bug-16617781-16617816,18,48,41,8,1,40,40,50
131-A-bug-18069181-18073244,18,61,50,10,6,51,44,24
131-A-bug-18178430-18178436,18,65,62,4,4,61,58,24
131-A-bug-18178468-18252378,18,62,21,10,10,52,11,29
131-A-bug-18296690-18296701,18,65,62,4,4,61,58,24
133-A-bug-17969403-17975791,18,88,65,13,13,75,52,23
133-A-bug-17992884-17992958,18,88,79,13,5,75,74,30
133-A-bug-17993292-17993355,18,88,81,13,7,75,74,25
133-A-bug-18017249-18017267,18,88,78,13,3,75,75,29
133-A-bug-18047608-18047662,18,88,65,13,13,75,52,25
133-A-bug-18048780-18048793,18,87,32,32,32,55,0,25
133-A-bug-18066416-18066518,18,88,80,13,6,75,74,28
133-A-bug-18158313-18158334,18,90,72,12,12,78,60,24
133-A-bug-18217634-18217677,18,88,65,13,13,75,52,23
133-A-bug-18285631-18285709,18,88,65,13,13,75,52,24
133-A-bug-18285725-18285856,18,88,80,13,6,75,74,28
133-A-bug-18286216-18286228,18,88,65,13,13,75,52,25
133-A-bug-18292018-18292024,18,88,79,13,5,75,74,30
133-A-bug-18296173-18296188,18,88,81,13,7,75,74,27
133-A-bug-18327759-18327824,18,88,65,13,13,75,52,23
133-A-bug-18348504-18348539,18,88,65,13,13,75,52,24
133-A-bug-18355672-18355701,18,88,65,13,13,75,52,23
133-C-bug-925626-925706,18,19,19,19,19,0,0,25
133-C-bug-927836-927839,18,19,19,8,8,11,11,6
137-A-bug-11590458-11590515,18,50,42,15,9,35,33,36
137-A-bug-8134102-8134128,18,50,42,9,1,41,41,34
147-A-bug-1015775-1015776,18,78,65,46,33,32,32,28
147-A-bug-1045602-1045611,18,79,47,45,45,34,2,33
147-A-bug-1045605-1045611,18,78,44,44,44,34,0,27
147-A-bug-12915557-12915622,18,74,36,38,35,36,1,28
174-B-bug-1501641-1501825,18,69,66,4,1,65,65,45
174-B-bug-1504776-1504783,18,90,85,6,1,84,84,70
180-C-bug-15764515-15764561,18,20,6,6,6,14,0,25
197-C-bug-11986074-11986110,18,23,23,23,23,0,0,24
197-C-bug-2103086-2103090,18,23,23,6,6,17,17,27
202-A-bug-1864388-1905671,18,59,39,29,28,30,11,26
202-A-bug-1938570-1938571,18,59,59,59,59,0,0,25
208-A-bug-17292049-17292076,18,73,40,40,40,33,0,26
208-A-bug-17532993-17533015,18,73,59,59,59,14,0,24
208-A-bug-17922157-17922172,18,25,15,15,15,10,0,26
208-A-bug-18102368-18102377,18,62,62,62,62,0,0,27
208-A-bug-18123262-18123289,18,74,11,68,5,6,6,37
208-A-bug-18123271-18123289,18,74,14,68,8,6,6,42
208-A-bug-18260832-18260860,18,74,41,41,41,33,0,24
208-A-bug-18351096-18351104,18,74,33,33,33,41,0,23
236-A-bug-18003726-18007529,18,91,56,39,19,52,37,38
236-A-bug-18003976-18004085,18,89,89,89,89,0,0,28
236-A-bug-18007495-18007529,18,89,89,89,89,0,0,28
236-A-bug-18227052-18227120,18,91,52,39,13,52,39,67
236-A-bug-18338107-18338153,18,91,55,37,14,54,41,52
245-B-bug-15450004-15450022,18,26,23,4,1,22,22,47
245-B-bug-15926715-15927032,18,26,18,4,2,22,16,46
276-B-bug-13314488-13314500,18,33,29,6,5,27,24,24
276-B-bug-14833281-14833300,18,41,21,6,5,35,16,25
276-B-bug-15034096-15034124,18,46,41,6,1,40,40,25
276-B-bug-16707425-16707470,18,35,25,11,2,24,23,43
276-B-bug-4820773-4820788,18,33,28,6,1,27,27,25
276-B-bug-5933556-5940552,18,41,36,6,1,35,35,40
276-B-bug-6188908-6188949,18,41,37,6,5,35,32,24
281-A-bug-18132658-18132720,18,49,49,3,3,46,46,24
291-B-bug-3524194-3524237,18,21,3,21,3,0,0,9
291-B-bug-3537395-3537438,18,21,6,4,4,17,2,34
291-B-bug-3539893-3539896,18,23,4,4,4,19,0,24
291-B-bug-3726598-3726610,18,23,4,4,4,19,0,24
291-B-bug-6753127-6753143,18,31,4,2,2,29,2,30
316-A1-bug-3879223-3879239,18,35,21,4,4,31,17,30
316-A2-bug-3868271-3868327,18,27,18,17,17,10,1,25
316-A2-bug-3876995-3877003,18,36,34,4,2,32,32,37
31-B-bug-10514546-10514583,18,84,9,9,9,75,0,24
31-B-bug-10514554-10514583,18,84,9,9,9,75,0,24
31-B-bug-10514570-10514583,18,96,40,7,6,89,34,32
31-B-bug-14288247-14288278,18,74,9,9,9,65,0,23
31-B-bug-512114-512120,18,72,9,9,9,63,0,24
31-B-bug-512116-512120,18,68,44,40,33,28,11,25
31-B-bug-6435804-6435825,18,90,72,5,4,85,68,27
353-D-bug-4926926-4926955,18,27,19,9,1,18,18,47
353-D-bug-6175754-6175760,18,24,21,6,3,18,18,54
363-C-bug-13754002-13754097,18,45,45,2,2,43,43,40
385-B-bug-11063177-11063186,18,17,14,8,5,9,9,35
385-B-bug-17596493-17596993,18,17,16,3,2,14,14,50
385-B-bug-6898992-6898998,18,17,17,8,8,9,9,34
393-A-bug-10224824-10224841,18,77,47,3,3,74,44,26
393-A-bug-12975319-12975331,18,68,7,7,7,61,0,27
393-A-bug-13882866-13882981,18,62,42,21,1,41,41,112
393-A-bug-13915086-13915488,18,72,60,13,1,59,59,180
393-A-bug-13915169-13915488,18,102,99,6,3,96,96,105
393-A-bug-14052177-14052206,18,62,49,9,1,53,48,86
411-A-bug-14678684-14678713,18,143,80,5,5,138,75,38
411-A-bug-9661639-9661654,18,143,80,5,5,138,75,38
41-C-bug-10642948-10642983,18,56,38,21,4,35,34,48
41-C-bug-10642957-10642983,18,55,46,10,1,45,45,48
41-C-bug-10642972-10642983,18,55,53,4,2,51,51,47
41-C-bug-10643130-10643148,18,57,28,31,2,26,26,59
41-C-bug-16825894-16825911,18,57,37,21,1,36,36,44
41-C-bug-17904918-17904940,18,92,85,2,2,90,83,58
41-C-bug-17904924-17904940,18,56,36,21,1,35,35,42
41-C-bug-17917572-17917578,18,63,48,16,1,47,47,35
41-C-bug-187321-187384,18,56,35,21,1,35,34,58
41-C-bug-736212-736216,18,63,50,16,3,47,47,28
420-A-bug-13091991-13091997,18,79,59,23,16,56,43,24
420-A-bug-14171953-14171970,18,78,74,7,4,71,70,26
420-A-bug-14755133-14755144,18,129,129,5,5,124,124,26
420-A-bug-16671795-16671832,18,79,48,43,43,36,5,24
451-D-bug-7249921-7249950,18,19,9,17,7,2,2,26
505-A-bug-10101095-10101109,18,56,50,6,5,50,45,34
505-A-bug-10513326-10513335,18,43,31,17,13,26,18,31
538-A-bug-14000679-14000824,18,79,78,3,2,76,76,77
538-A-bug-16876247-16876282,18,102,102,2,2,100,100,65
550-A-bug-17839318-17839327,18,83,79,12,9,71,70,36
575-D-bug-12872706-12872745,18,3,3,3,3,0,0,29
58-A-bug-17762757-17762804,18,45,8,7,7,38,1,26
58-A-bug-18163826-18163845,18,42,17,17,17,25,0,26
58-A-bug-18231253-18231295,18,43,39,5,1,38,38,36
59-A-bug-17307162-17307176,18,34,34,34,34,0,0,25
600-A-bug-18147663-18147679,18,37,34,3,1,34,33,26
600-A-bug-18147672-18147679,18,37,17,3,3,34,14,25
665-C-bug-17762752-17762802,18,21,21,4,4,17,17,24
677-C-bug-18192762-18193123,18,26,9,16,9,10,0,24
677-C-bug-18206311-18206325,18,21,17,17,17,4,0,25
8-B-bug-17229415-17229625,18,69,57,15,4,54,53,38
8-B-bug-36489-36547,18,91,91,2,2,89,89,25
8-B-bug-37890-37891,18,82,76,8,2,74,74,30
8-B-bug-459037-459038,18,63,63,63,63,0,0,24
113-A-bug-683826-683913,19,356,305,53,6,303,299,54
113-A-bug-691902-691903,19,360,339,25,5,335,334,65
118-A-bug-18073097-18080639,19,57,53,15,11,42,42,28
118-A-bug-18103516-18103560,19,57,49,15,7,42,42,30
118-A-bug-18109879-18109907,19,57,53,15,11,42,42,28
118-A-bug-18134274-18134357,19,57,53,15,11,42,42,28
118-A-bug-18144017-18166218,19,75,72,4,1,71,71,264
118-A-bug-18174609-18174835,19,57,49,15,7,42,42,29
118-A-bug-18174643-18174835,19,57,46,15,4,42,42,29
118-A-bug-18174652-18174835,19,57,53,15,11,42,42,28
118-A-bug-18174751-18174835,19,57,51,15,9,42,42,30
118-A-bug-18282023-18282195,19,57,53,15,11,42,42,29
118-A-bug-18294639-18294683,19,57,51,15,9,42,42,32
118-A-bug-18327752-18328450,19,57,57,11,11,46,46,29
123-A-bug-1869815-1869826,19,34,22,17,8,17,14,28
124-C-bug-5745829-5746012,19,62,26,8,3,54,23,25
126-B-bug-16617781-16617816,19,48,41,8,1,40,40,50
126-B-bug-6462704-6462737,19,48,40,10,2,38,38,27
131-A-bug-18069181-18073244,19,61,10,10,10,51,0,29
131-A-bug-18178430-18178436,19,65,62,4,4,61,58,24
131-A-bug-18178468-18252378,19,62,51,10,6,52,45,24
131-A-bug-18296690-18296701,19,65,62,4,4,61,58,24
133-A-bug-17969403-17975791,19,88,65,13,13,75,52,23
133-A-bug-17992884-17992958,19,88,65,13,13,75,52,23
133-A-bug-17993292-17993355,19,88,65,13,13,75,52,23
133-A-bug-18017249-18017267,19,88,79,13,5,75,74,29
133-A-bug-18047608-18047662,19,88,65,13,13,75,52,23
133-A-bug-18048780-18048793,19,87,35,32,32,55,3,25
133-A-bug-18066416-18066518,19,88,65,13,13,75,52,24
133-A-bug-18158271-18158334,19,88,78,13,3,75,75,29
133-A-bug-18158313-18158334,19,90,81,12,3,78,78,24
133-A-bug-18217634-18217677,19,88,65,13,13,75,52,23
133-A-bug-18285631-18285709,19,88,65,13,13,75,52,24
133-A-bug-18285699-18285856,19,88,54,69,35,19,19,24
133-A-bug-18285725-18285856,19,88,65,13,13,75,52,23
133-A-bug-18286216-18286228,19,88,65,13,13,75,52,24
133-A-bug-18292018-18292024,19,88,78,13,3,75,75,30
133-A-bug-18296173-18296188,19,88,77,13,7,75,70,24
133-A-bug-18348504-18348539,19,88,65,13,13,75,52,23
133-A-bug-18355672-18355701,19,88,81,13,7,75,74,27
133-C-bug-925626-925706,19,19,19,19,19,0,0,26
137-A-bug-11590458-11590515,19,50,39,15,4,35,35,42
137-A-bug-8134102-8134128,19,50,42,9,7,41,35,29
147-A-bug-1015775-1015776,19,78,65,46,33,32,32,29
147-A-bug-1045602-1045611,19,79,46,45,44,34,2,30
147-A-bug-1045605-1045611,19,78,49,44,24,34,25,26
147-A-bug-12915557-12915622,19,74,45,38,22,36,23,26
174-B-bug-1501641-1501825,19,69,65,4,2,65,63,55
180-C-bug-15764515-15764561,19,20,12,6,6,14,6,29
197-C-bug-11986074-11986110,19,23,23,23,23,0,0,27
197-C-bug-2103086-2103090,19,23,10,6,5,17,5,29
202-A-bug-1864388-1905671,19,59,39,29,28,30,11,32
202-A-bug-1938570-1938571,19,59,30,59,30,0,0,27
208-A-bug-17292049-17292076,19,73,41,41,41,32,0,23
208-A-bug-17532993-17533015,19,73,39,59,26,14,13,26
208-A-bug-17922157-17922172,19,25,15,15,15,10,0,24
208-A-bug-18102368-18102377,19,62,36,62,36,0,0,31
208-A-bug-18123262-18123289,19,74,47,68,41,6,6,38
208-A-bug-18123271-18123289,19,74,14,68,8,6,6,39
208-A-bug-18351096-18351104,19,74,31,33,31,41,0,31
236-A-bug-18003726-18007529,19,91,58,39,27,52,31,74
236-A-bug-18003976-18004085,19,89,89,89,89,0,0,24
236-A-bug-18007495-18007529,19,89,89,89,89,0,0,27
236-A-bug-18227052-18227120,19,91,65,39,38,52,27,52
236-A-bug-18338107-18338153,19,91,62,37,37,54,25,53
245-B-bug-15450004-15450022,19,26,23,4,1,22,22,48
245-B-bug-15926715-15927032,19,26,18,4,2,22,16,46
276-B-bug-10441668-10441759,19,33,29,6,5,27,24,25
276-B-bug-13314488-13314500,19,33,29,6,5,27,24,24
276-B-bug-14833281-14833300,19,41,37,6,5,35,32,24
276-B-bug-15034096-15034124,19,46,40,6,5,40,35,25
276-B-bug-4820773-4820788,19,33,29,6,5,27,24,24
276-B-bug-5933556-5940552,19,41,37,6,5,35,32,25
276-B-bug-5933573-5940552,19,41,37,6,5,35,32,25
281-A-bug-18132658-18132720,19,49,49,3,3,46,46,24
291-B-bug-3524194-3524237,19,21,18,21,18,0,0,6
291-B-bug-3537395-3537438,19,21,4,4,4,17,0,35
291-B-bug-3539893-3539896,19,23,4,4,4,19,0,24
291-B-bug-3726598-3726610,19,23,4,4,4,19,0,24
291-B-bug-6753127-6753143,19,31,4,2,2,29,2,30
316-A1-bug-3879223-3879239,19,35,12,4,2,31,10,25
316-A2-bug-3868271-3868327,19,27,17,17,17,10,0,24
316-A2-bug-3876995-3877003,19,36,24,4,4,32,20,37
31-B-bug-10514570-10514583,19,96,40,7,6,89,34,32
31-B-bug-136044-136045,19,68,45,48,25,20,20,34
31-B-bug-14199570-14199578,19,74,14,9,8,65,6,29
31-B-bug-14288247-14288278,19,74,9,9,9,65,0,24
31-B-bug-512116-512120,19,68,40,40,40,28,0,23
31-B-bug-6435804-6435825,19,90,72,5,4,85,68,27
353-D-bug-4926926-4926955,19,27,20,9,2,18,18,43
353-D-bug-6175754-6175760,19,24,19,6,1,18,18,58
363-C-bug-13754002-13754097,19,45,45,2,2,43,43,40
363-C-bug-5405641-5405684,19,31,25,9,3,22,22,37
385-B-bug-11063177-11063186,19,17,11,8,2,9,9,50
385-B-bug-17596493-17596993,19,17,16,3,2,14,14,50
385-B-bug-6898992-6898998,19,17,14,8,5,9,9,35
385-B-bug-9215199-9215223,19,17,5,10,3,7,2,35
393-A-bug-10224824-10224841,19,77,73,3,1,74,72,26
393-A-bug-12975319-12975331,19,68,7,7,7,61,0,27
393-A-bug-13882866-13882981,19,62,42,21,1,41,41,180
393-A-bug-13915086-13915488,19,72,60,13,1,59,59,356
393-A-bug-13915169-13915488,19,102,99,6,3,96,96,119
393-A-bug-14052177-14052206,19,62,54,9,2,53,52,74
411-A-bug-14678684-14678713,19,143,80,5,5,138,75,38
411-A-bug-9661639-9661654,19,143,80,5,5,138,75,41
41-C-bug-10642948-10642983,19,56,36,21,1,35,35,46
41-C-bug-10642957-10642983,19,55,46,10,1,45,45,48
41-C-bug-10642972-10642983,19,55,53,4,2,51,51,47
41-C-bug-10643130-10643148,19,57,31,31,5,26,26,46
41-C-bug-16825894-16825911,19,57,37,21,1,36,36,54
41-C-bug-17904918-17904940,19,92,85,2,2,90,83,57
41-C-bug-17904924-17904940,19,56,37,21,2,35,35,45
41-C-bug-17917572-17917578,19,63,47,16,1,47,46,35
41-C-bug-187321-187384,19,56,37,21,2,35,35,40
41-C-bug-736212-736216,19,63,48,16,1,47,47,32
420-A-bug-13091991-13091997,19,79,60,23,16,56,44,24
420-A-bug-14171953-14171970,19,78,74,7,4,71,70,26
420-A-bug-14755133-14755144,19,129,129,5,5,124,124,24
420-A-bug-16671795-16671832,19,79,53,43,43,36,10,24
505-A-bug-10101095-10101109,19,56,49,6,5,50,44,48
505-A-bug-10513326-10513335,19,43,34,17,16,26,18,33
538-A-bug-14000679-14000824,19,79,78,3,2,76,76,77
538-A-bug-16876247-16876282,19,102,102,2,2,100,100,65
550-A-bug-17839318-17839327,19,83,79,12,9,71,70,43
575-D-bug-12872706-12872745,19,3,3,3,3,0,0,24
58-A-bug-17762757-17762804,19,45,7,7,7,38,0,27
58-A-bug-18163826-18163845,19,42,17,17,17,25,0,28
58-A-bug-18231253-18231295,19,43,41,5,3,38,38,61
59-A-bug-17307162-17307176,19,34,34,34,34,0,0,25
600-A-bug-18147663-18147679,19,37,17,3,3,34,14,25
600-A-bug-18147672-18147679,19,37,17,3,3,34,14,25
665-C-bug-17762752-17762802,19,21,21,4,4,17,17,24
677-C-bug-18192762-18193123,19,26,16,16,16,10,0,24
677-C-bug-18206311-18206325,19,21,17,17,17,4,0,29
8-B-bug-17229415-17229625,19,69,57,15,4,54,53,166
8-B-bug-36489-36547,19,91,91,2,2,89,89,25
8-B-bug-37890-37891,19,82,75,8,1,74,74,118
8-B-bug-459037-459038,19,63,63,63,63,0,0,24
113-A-bug-683826-683913,1,356,304,53,4,303,300,60
113-A-bug-691902-691903,1,360,333,25,1,335,332,71
118-A-bug-18073097-18080639,1,57,53,15,11,42,42,26
118-A-bug-18103516-18103560,1,57,19,15,15,42,4,28
118-A-bug-18109879-18109907,1,57,49,15,7,42,42,31
118-A-bug-18134274-18134357,1,57,46,15,4,42,42,30
118-A-bug-18174609-18174835,1,57,49,15,7,42,42,29
118-A-bug-18174643-18174835,1,57,51,15,9,42,42,23
118-A-bug-18174652-18174835,1,57,53,15,11,42,42,29
118-A-bug-18174751-18174835,1,57,53,15,11,42,42,25
118-A-bug-18282023-18282195,1,57,49,15,7,42,42,29
118-A-bug-18294639-18294683,1,57,46,15,4,42,42,29
118-A-bug-18327752-18328450,1,57,48,11,2,46,46,27
123-A-bug-1869815-1869826,1,34,29,17,14,17,15,27
124-C-bug-5745829-5746012,1,62,58,8,4,54,54,27
126-B-bug-16617781-16617816,1,48,41,8,1,40,40,34
131-A-bug-18069181-18073244,1,61,10,10,10,51,0,29
131-A-bug-18178430-18178436,1,65,62,4,4,61,58,24
131-A-bug-18178468-18252378,1,62,53,10,4,52,49,26
131-A-bug-18296690-18296701,1,65,62,4,4,61,58,24
133-A-bug-17969403-17975791,1,88,81,13,7,75,74,25
133-A-bug-17992884-17992958,1,88,77,13,7,75,70,23
133-A-bug-17993292-17993355,1,88,65,13,13,75,52,24
133-A-bug-18017249-18017267,1,88,65,13,13,75,52,24
133-A-bug-18047608-18047662,1,88,79,13,5,75,74,30
133-A-bug-18048780-18048793,1,87,32,32,32,55,0,23
133-A-bug-18066416-18066518,1,88,81,13,7,75,74,24
133-A-bug-18158271-18158334,1,88,80,13,5,75,75,27
133-A-bug-18158313-18158334,1,90,72,12,12,78,60,25
133-A-bug-18217634-18217677,1,88,80,13,6,75,74,28
133-A-bug-18285631-18285709,1,88,65,13,13,75,52,24
133-A-bug-18285699-18285856,1,88,25,69,6,19,19,29
133-A-bug-18285725-18285856,1,88,81,13,7,75,74,25
133-A-bug-18286216-18286228,1,88,79,13,5,75,74,30
133-A-bug-18292018-18292024,1,88,81,13,7,75,74,27
133-A-bug-18296173-18296188,1,88,65,13,13,75,52,24
133-A-bug-18355672-18355701,1,88,79,13,5,75,74,29
133-C-bug-927836-927839,1,19,19,8,8,11,11,8
137-A-bug-11590458-11590515,1,50,42,15,7,35,35,40
137-A-bug-8134102-8134128,1,50,42,9,7,41,35,29
147-A-bug-1015775-1015776,1,78,46,46,46,32,0,25
147-A-bug-1045602-1045611,1,79,61,45,31,34,30,24
147-A-bug-1045605-1045611,1,78,44,44,44,34,0,28
147-A-bug-12915557-12915622,1,74,38,38,38,36,0,25
174-B-bug-1501641-1501825,1,69,66,4,1,65,65,66
174-B-bug-1504776-1504783,1,90,85,6,1,84,84,49
180-C-bug-15764515-15764561,1,20,6,6,6,14,0,25
197-C-bug-11986074-11986110,1,23,23,23,23,0,0,24
197-C-bug-2103086-2103090,1,23,18,6,1,17,17,24
202-A-bug-1864388-1905671,1,59,35,29,21,30,14,28
202-A-bug-1938570-1938571,1,59,39,59,39,0,0,25
208-A-bug-17292049-17292076,1,73,41,41,41,32,0,26
208-A-bug-17532993-17533015,1,73,59,59,59,14,0,29
208-A-bug-17922157-17922172,1,25,15,15,15,10,0,26
208-A-bug-18102368-18102377,1,62,62,62,62,0,0,24
208-A-bug-18110250-18110255,1,74,31,68,25,6,6,34
208-A-bug-18123262-18123289,1,74,10,68,4,6,6,33
208-A-bug-18123271-18123289,1,74,10,68,4,6,6,38
208-A-bug-18260832-18260860,1,74,41,41,41,33,0,29
208-A-bug-18266864-18266892,1,81,51,31,1,50,50,46
208-A-bug-18351096-18351104,1,74,33,33,32,41,1,26
236-A-bug-18003726-18007529,1,91,64,39,38,52,26,51
236-A-bug-18003976-18004085,1,89,56,89,56,0,0,26
236-A-bug-18007495-18007529,1,89,89,89,89,0,0,27
236-A-bug-18227052-18227120,1,91,52,39,9,52,43,43
236-A-bug-18338107-18338153,1,91,62,37,37,54,25,62
245-B-bug-15450004-15450022,1,26,19,4,3,22,16,43
245-B-bug-15926715-15927032,1,26,23,4,1,22,22,48
276-B-bug-10441668-10441759,1,33,29,6,5,27,24,24
276-B-bug-14833281-14833300,1,41,37,6,5,35,32,24
276-B-bug-15034096-15034124,1,46,40,6,5,40,35,25
276-B-bug-16707425-16707470,1,35,25,11,2,24,23,43
276-B-bug-5933573-5940552,1,41,37,6,5,35,32,25
276-B-bug-6188908-6188949,1,41,37,6,5,35,32,24
281-A-bug-18132658-18132720,1,49,49,3,3,46,46,23
281-A-bug-18294879-18294887,1,28,28,28,28,0,0,25
291-B-bug-3524194-3524237,1,21,7,21,7,0,0,4
291-B-bug-3537395-3537438,1,21,20,4,3,17,17,35
291-B-bug-3539893-3539896,1,23,4,4,4,19,0,24
291-B-bug-3726598-3726610,1,23,4,4,4,19,0,24
291-B-bug-6753127-6753143,1,31,4,2,2,29,2,30
316-A1-bug-3879223-3879239,1,35,21,4,4,31,17,30
316-A2-bug-3868271-3868327,1,27,14,17,11,10,3,25
316-A2-bug-3876995-3877003,1,36,33,4,1,32,32,37
31-B-bug-136044-136045,1,68,41,48,21,20,20,24
31-B-bug-14199570-14199578,1,74,9,9,9,65,0,24
31-B-bug-14288247-14288278,1,74,14,9,8,65,6,29
31-B-bug-512114-512120,1,72,9,9,9,63,0,24
31-B-bug-512116-512120,1,68,37,40,9,28,28,24
31-B-bug-6435804-6435825,1,90,72,5,4,85,68,28
353-D-bug-4926926-4926955,1,27,20,9,2,18,18,43
353-D-bug-6175754-6175760,1,24,19,6,1,18,18,45
363-C-bug-13754002-13754097,1,45,45,2,2,43,43,40
363-C-bug-5405641-5405684,1,31,24,9,2,22,22,37
385-B-bug-11063177-11063186,1,17,11,8,2,9,9,50
385-B-bug-17596493-17596993,1,17,16,3,2,14,14,50
385-B-bug-6898992-6898998,1,17,14,8,5,9,9,35
385-B-bug-9215199-9215223,1,17,5,10,3,7,2,35
393-A-bug-10224824-10224841,1,77,49,3,3,74,46,26
393-A-bug-12975319-12975331,1,68,43,7,7,61,36,26
393-A-bug-13882866-13882981,1,62,42,21,1,41,41,272
393-A-bug-13915086-13915488,1,72,61,13,2,59,59,223
393-A-bug-13915169-13915488,1,102,99,6,3,96,96,119
393-A-bug-14052177-14052206,1,62,55,9,2,53,53,51
411-A-bug-14678684-14678713,1,143,80,5,5,138,75,41
411-A-bug-9661639-9661654,1,143,80,5,5,138,75,41
41-C-bug-10642948-10642983,1,56,36,21,1,35,35,38
41-C-bug-10642957-10642983,1,55,46,10,1,45,45,48
41-C-bug-10642972-10642983,1,55,52,4,1,51,51,48
41-C-bug-10643130-10643148,1,57,28,31,2,26,26,53
41-C-bug-16825894-16825911,1,57,37,21,1,36,36,42
41-C-bug-17904918-17904940,1,92,85,2,2,90,83,58
41-C-bug-17904924-17904940,1,56,37,21,2,35,35,37
41-C-bug-17917572-17917578,1,63,12,16,8,47,4,34
41-C-bug-187321-187384,1,56,36,21,1,35,35,38
41-C-bug-736212-736216,1,63,51,16,4,47,47,32
420-A-bug-13091991-13091997,1,79,56,23,16,56,40,24
420-A-bug-14171953-14171970,1,78,75,7,5,71,70,30
420-A-bug-14755133-14755144,1,129,129,5,5,124,124,26
420-A-bug-16671795-16671832,1,79,53,43,36,36,17,25
451-D-bug-7249921-7249950,1,19,8,17,6,2,2,25
505-A-bug-10101095-10101109,1,56,50,6,5,50,45,34
505-A-bug-10513326-10513335,1,43,34,17,16,26,18,33
538-A-bug-14000679-14000824,1,79,78,3,2,76,76,77
538-A-bug-16876247-16876282,1,102,102,2,2,100,100,65
550-A-bug-17839318-17839327,1,83,77,12,7,71,70,47
575-D-bug-12872706-12872745,1,3,3,3,3,0,0,24
58-A-bug-17762757-17762804,1,45,7,7,7,38,0,24
58-A-bug-18163826-18163845,1,42,17,17,17,25,0,26
58-A-bug-18231253-18231295,1,43,40,5,2,38,38,51
59-A-bug-17307162-17307176,1,34,34,34,34,0,0,29
59-A-bug-17706574-17706595,1,43,39,3,0,40,39,259
600-A-bug-18147663-18147679,1,37,17,3,3,34,14,25
600-A-bug-18147672-18147679,1,37,34,3,1,34,33,26
665-C-bug-17762752-17762802,1,21,21,4,4,17,17,24
677-C-bug-18206311-18206325,1,21,17,17,17,4,0,26
677-C-bug-18262604-18262617,1,21,16,16,16,5,0,24
8-B-bug-17229415-17229625,1,69,56,15,3,54,53,30
8-B-bug-36489-36547,1,91,91,2,2,89,89,25
8-B-bug-37890-37891,1,82,76,8,2,74,74,30
8-B-bug-459037-459038,1,63,38,63,38,0,0,29
113-A-bug-683826-683913,20,356,302,53,1,303,301,101
113-A-bug-691902-691903,20,360,338,25,4,335,334,89
118-A-bug-18073097-18080639,20,57,46,15,4,42,42,29
118-A-bug-18103516-18103560,20,57,51,15,9,42,42,30
118-A-bug-18109879-18109907,20,57,51,15,9,42,42,29
118-A-bug-18134274-18134357,20,57,49,15,7,42,42,29
118-A-bug-18144017-18166218,20,75,73,4,2,71,71,264
118-A-bug-18174609-18174835,20,57,47,15,5,42,42,29
118-A-bug-18174643-18174835,20,57,53,15,11,42,42,28
118-A-bug-18174652-18174835,20,57,51,15,9,42,42,30
118-A-bug-18174751-18174835,20,57,19,15,15,42,4,30
118-A-bug-18282023-18282195,20,57,53,15,11,42,42,26
118-A-bug-18294639-18294683,20,57,53,15,11,42,42,26
118-A-bug-18327752-18328450,20,57,57,11,11,46,46,31
123-A-bug-1869815-1869826,20,34,21,17,7,17,14,31
124-C-bug-5745829-5746012,20,62,58,8,4,54,54,27
126-B-bug-6462704-6462737,20,48,39,10,1,38,38,44
131-A-bug-18069181-18073244,20,61,10,10,10,51,0,29
131-A-bug-18178430-18178436,20,65,64,4,4,61,60,24
131-A-bug-18178468-18252378,20,62,53,10,4,52,49,24
131-A-bug-18296690-18296701,20,65,62,4,4,61,58,24
133-A-bug-17969403-17975791,20,88,80,13,5,75,75,27
133-A-bug-17993292-17993355,20,88,78,13,3,75,75,29
133-A-bug-18017249-18017267,20,88,65,13,13,75,52,25
133-A-bug-18047608-18047662,20,88,79,13,5,75,74,29
133-A-bug-18048780-18048793,20,87,32,32,32,55,0,23
133-A-bug-18066416-18066518,20,88,81,13,7,75,74,25
133-A-bug-18158271-18158334,20,88,80,13,6,75,74,28
133-A-bug-18158313-18158334,20,90,72,12,12,78,60,29
133-A-bug-18285631-18285709,20,88,65,13,13,75,52,25
133-A-bug-18285725-18285856,20,88,65,13,13,75,52,25
133-A-bug-18286216-18286228,20,88,80,13,6,75,74,28
133-A-bug-18292018-18292024,20,88,65,13,13,75,52,24
133-A-bug-18296173-18296188,20,88,65,13,13,75,52,24
133-A-bug-18327759-18327824,20,88,81,13,7,75,74,25
133-A-bug-18348504-18348539,20,88,65,13,13,75,52,23
133-A-bug-18355672-18355701,20,88,81,13,7,75,74,27
133-C-bug-925626-925706,20,19,19,19,19,0,0,24
133-C-bug-927836-927839,20,19,19,8,8,11,11,6
137-A-bug-11590458-11590515,20,50,45,15,10,35,35,45
137-A-bug-8134102-8134128,20,50,43,9,2,41,41,47
147-A-bug-1015775-1015776,20,78,46,46,46,32,0,26
147-A-bug-1045602-1045611,20,79,48,45,40,34,8,27
147-A-bug-1045605-1045611,20,78,39,44,11,34,28,24
147-A-bug-12915557-12915622,20,74,38,38,38,36,0,25
174-B-bug-1501641-1501825,20,69,67,4,2,65,65,55
174-B-bug-1504776-1504783,20,90,85,6,1,84,84,68
180-C-bug-15764515-15764561,20,20,6,6,6,14,0,24
197-C-bug-11986074-11986110,20,23,23,23,23,0,0,27
197-C-bug-2103086-2103090,20,23,23,6,6,17,17,24
202-A-bug-1864388-1905671,20,59,40,29,23,30,17,26
202-A-bug-1938570-1938571,20,59,59,59,59,0,0,25
208-A-bug-17532993-17533015,20,73,59,59,59,14,0,29
208-A-bug-17922157-17922172,20,25,15,15,15,10,0,25
208-A-bug-18102368-18102377,20,62,62,62,62,0,0,28
208-A-bug-18110250-18110255,20,74,9,68,3,6,6,35
208-A-bug-18123262-18123289,20,74,12,68,6,6,6,45
208-A-bug-18123271-18123289,20,74,69,68,63,6,6,46
208-A-bug-18260832-18260860,20,74,42,41,40,33,2,29
208-A-bug-18351096-18351104,20,74,33,33,33,41,0,25
236-A-bug-18003726-18007529,20,91,56,39,19,52,37,38
236-A-bug-18003976-18004085,20,89,89,89,89,0,0,29
236-A-bug-18007495-18007529,20,89,89,89,89,0,0,26
236-A-bug-18227052-18227120,20,91,53,39,7,52,46,80
236-A-bug-18338107-18338153,20,91,60,37,20,54,40,56
245-B-bug-15450004-15450022,20,26,23,4,1,22,22,48
245-B-bug-15926715-15927032,20,26,23,4,1,22,22,48
276-B-bug-13314488-13314500,20,33,28,6,1,27,27,40
276-B-bug-15034096-15034124,20,46,41,6,1,40,40,25
276-B-bug-4820773-4820788,20,33,28,6,1,27,27,40
276-B-bug-5933556-5940552,20,41,21,6,5,35,16,24
276-B-bug-6188908-6188949,20,41,37,6,5,35,32,25
281-A-bug-18132658-18132720,20,49,49,3,3,46,46,24
281-A-bug-18294879-18294887,20,28,28,28,28,0,0,24
291-B-bug-3524194-3524237,20,21,21,21,21,0,0,26
291-B-bug-3537395-3537438,20,21,5,4,4,17,1,35
291-B-bug-3539893-3539896,20,23,4,4,4,19,0,24
291-B-bug-3726598-3726610,20,23,4,4,4,19,0,24
291-B-bug-6753127-6753143,20,31,4,2,2,29,2,30
316-A1-bug-3879223-3879239,20,35,16,4,4,31,12,30
316-A2-bug-3868271-3868327,20,27,17,17,17,10,0,24
316-A2-bug-3876995-3877003,20,36,26,4,4,32,22,36
31-B-bug-10514546-10514583,20,84,9,9,9,75,0,24
31-B-bug-10514554-10514583,20,84,36,9,9,75,27,25
31-B-bug-10514570-10514583,20,96,42,7,6,89,36,33
31-B-bug-136044-136045,20,68,33,48,13,20,20,25
31-B-bug-14199570-14199578,20,74,30,9,9,65,21,25
31-B-bug-512114-512120,20,72,9,9,9,63,0,24
31-B-bug-512116-512120,20,68,40,40,40,28,0,24
31-B-bug-6435804-6435825,20,90,72,5,4,85,68,26
353-D-bug-4926926-4926955,20,27,20,9,2,18,18,43
353-D-bug-6175754-6175760,20,24,19,6,1,18,18,45
363-C-bug-13754002-13754097,20,45,45,2,2,43,43,40
363-C-bug-5405641-5405684,20,31,24,9,2,22,22,37
385-B-bug-11063177-11063186,20,17,14,8,5,9,9,35
385-B-bug-17596493-17596993,20,17,15,3,1,14,14,52
385-B-bug-6898992-6898998,20,17,12,8,3,9,9,38
385-B-bug-9431521-9431545,20,29,11,11,11,18,0,23
393-A-bug-10224824-10224841,20,77,3,3,3,74,0,27
393-A-bug-12975319-12975331,20,68,53,7,3,61,50,29
393-A-bug-13882866-13882981,20,62,42,21,1,41,41,123
393-A-bug-13915086-13915488,20,72,60,13,1,59,59,69
393-A-bug-13915169-13915488,20,102,97,6,1,96,96,114
393-A-bug-14052177-14052206,20,62,54,9,2,53,52,74
411-A-bug-14678684-14678713,20,143,80,5,5,138,75,41
411-A-bug-9661639-9661654,20,143,80,5,5,138,75,38
41-C-bug-10642948-10642983,20,56,36,21,1,35,35,46
41-C-bug-10642957-10642983,20,55,46,10,1,45,45,48
41-C-bug-10642972-10642983,20,55,52,4,1,51,51,48
41-C-bug-10643130-10643148,20,57,27,31,1,26,26,62
41-C-bug-16825894-16825911,20,57,38,21,2,36,36,45
41-C-bug-17904918-17904940,20,92,85,2,2,90,83,58
41-C-bug-17904924-17904940,20,56,36,21,1,35,35,54
41-C-bug-17917572-17917578,20,63,51,16,4,47,47,34
41-C-bug-187321-187384,20,56,36,21,1,35,35,41
41-C-bug-736212-736216,20,63,49,16,2,47,47,32
420-A-bug-13091991-13091997,20,79,54,23,17,56,37,29
420-A-bug-14171953-14171970,20,78,74,7,4,71,70,26
420-A-bug-14755133-14755144,20,129,129,5,5,124,124,26
420-A-bug-16671795-16671832,20,79,49,43,43,36,6,24
451-D-bug-7249921-7249950,20,19,19,17,17,2,2,23
505-A-bug-10101095-10101109,20,56,51,6,1,50,50,30
505-A-bug-10513326-10513335,20,43,30,17,16,26,14,31
538-A-bug-14000679-14000824,20,79,78,3,2,76,76,77
538-A-bug-16876247-16876282,20,102,102,2,2,100,100,65
550-A-bug-17839318-17839327,20,83,79,12,9,71,70,42
575-D-bug-12872706-12872745,20,3,3,3,3,0,0,24
58-A-bug-17762757-17762804,20,45,8,7,7,38,1,26
58-A-bug-18163826-18163845,20,42,17,17,17,25,0,24
58-A-bug-18231253-18231295,20,43,39,5,1,38,38,36
59-A-bug-17307162-17307176,20,34,34,34,34,0,0,29
600-A-bug-18147663-18147679,20,37,17,3,3,34,14,25
600-A-bug-18147672-18147679,20,37,17,3,3,34,14,25
665-C-bug-17762752-17762802,20,21,21,4,4,17,17,24
677-C-bug-18262604-18262617,20,21,16,16,16,5,0,24
8-B-bug-17229415-17229625,20,69,56,15,3,54,53,30
8-B-bug-36489-36547,20,91,91,2,2,89,89,25
8-B-bug-37890-37891,20,82,76,8,2,74,74,30
8-B-bug-459037-459038,20,63,63,63,63,0,0,25
113-A-bug-683826-683913,21,356,302,53,3,303,299,74
113-A-bug-691902-691903,21,360,340,25,6,335,334,79
118-A-bug-18073097-18080639,21,57,47,15,5,42,42,29
118-A-bug-18103516-18103560,21,57,53,15,11,42,42,28
118-A-bug-18109879-18109907,21,57,47,15,5,42,42,29
118-A-bug-18134274-18134357,21,57,51,15,9,42,42,32
118-A-bug-18174609-18174835,21,57,49,15,7,42,42,30
118-A-bug-18174643-18174835,21,57,51,15,9,42,42,29
118-A-bug-18174652-18174835,21,57,53,15,11,42,42,28
118-A-bug-18174751-18174835,21,57,53,15,11,42,42,26
118-A-bug-18282023-18282195,21,57,53,15,11,42,42,28
118-A-bug-18294639-18294683,21,57,51,15,9,42,42,32
118-A-bug-18327752-18328450,21,57,57,11,11,46,46,25
123-A-bug-1869815-1869826,21,34,17,17,17,17,0,24
126-B-bug-16617781-16617816,21,48,41,8,1,40,40,50
126-B-bug-6462704-6462737,21,48,40,10,2,38,38,32
131-A-bug-18069181-18073244,21,61,19,10,7,51,12,24
131-A-bug-18178430-18178436,21,65,62,4,4,61,58,24
131-A-bug-18178468-18252378,21,62,51,10,6,52,45,24
131-A-bug-18296690-18296701,21,65,62,4,4,61,58,24
133-A-bug-17969403-17975791,21,88,79,13,5,75,74,30
133-A-bug-17992884-17992958,21,88,65,13,13,75,52,23
133-A-bug-17993292-17993355,21,88,65,13,13,75,52,24
133-A-bug-18017249-18017267,21,88,79,13,5,75,74,29
133-A-bug-18047608-18047662,21,88,65,13,13,75,52,24
133-A-bug-18048780-18048793,21,87,34,32,32,55,2,25
133-A-bug-18066416-18066518,21,88,65,13,13,75,52,24
133-A-bug-18158271-18158334,21,88,78,13,3,75,75,30
133-A-bug-18158313-18158334,21,90,72,12,12,78,60,24
133-A-bug-18217634-18217677,21,88,80,13,6,75,74,28
133-A-bug-18285631-18285709,21,88,78,13,3,75,75,30
133-A-bug-18285699-18285856,21,88,48,69,29,19,19,29
133-A-bug-18286216-18286228,21,88,65,13,13,75,52,24
133-A-bug-18296173-18296188,21,88,81,13,7,75,74,25
133-A-bug-18327759-18327824,21,88,65,13,13,75,52,25
133-A-bug-18348504-18348539,21,88,65,13,13,75,52,23
133-A-bug-18355672-18355701,21,88,65,13,13,75,52,25
133-C-bug-925626-925706,21,19,19,19,19,0,0,26
133-C-bug-927836-927839,21,19,19,8,8,11,11,6
137-A-bug-11590458-11590515,21,50,39,15,4,35,35,42
137-A-bug-8134102-8134128,21,50,43,9,2,41,41,47
147-A-bug-1015775-1015776,21,78,65,46,33,32,32,27
147-A-bug-1045602-1045611,21,79,61,45,31,34,30,28
147-A-bug-1045605-1045611,21,78,44,44,44,34,0,26
147-A-bug-12915557-12915622,21,74,39,38,38,36,1,28
174-B-bug-1501641-1501825,21,69,65,4,2,65,63,55
174-B-bug-1504776-1504783,21,90,85,6,1,84,84,68
180-C-bug-15764515-15764561,21,20,6,6,6,14,0,25
197-C-bug-11986074-11986110,21,23,23,23,23,0,0,27
197-C-bug-2103086-2103090,21,23,23,6,6,17,17,27
202-A-bug-1864388-1905671,21,59,36,29,14,30,22,32
202-A-bug-1938570-1938571,21,59,39,59,39,0,0,25
208-A-bug-17922157-17922172,21,25,15,15,15,10,0,23
208-A-bug-18102368-18102377,21,62,62,62,62,0,0,24
208-A-bug-18110250-18110255,21,74,17,68,11,6,6,34
208-A-bug-18123262-18123289,21,74,11,68,5,6,6,37
208-A-bug-18123271-18123289,21,74,41,68,35,6,6,32
208-A-bug-18260832-18260860,21,74,41,41,41,33,0,29
208-A-bug-18351096-18351104,21,74,33,33,33,41,0,23
236-A-bug-18003726-18007529,21,91,64,39,38,52,26,63
236-A-bug-18003976-18004085,21,89,89,89,89,0,0,25
236-A-bug-18007495-18007529,21,89,89,89,89,0,0,28
236-A-bug-18227052-18227120,21,91,56,39,19,52,37,56
236-A-bug-18338107-18338153,21,91,56,37,9,54,47,55
245-B-bug-15450004-15450022,21,26,18,4,2,22,16,46
245-B-bug-15926715-15927032,21,26,23,4,1,22,22,48
276-B-bug-13314488-13314500,21,33,29,6,5,27,24,25
276-B-bug-14833281-14833300,21,41,37,6,5,35,32,24
276-B-bug-15034096-15034124,21,46,41,6,1,40,40,40
276-B-bug-16707425-16707470,21,35,25,11,2,24,23,43
276-B-bug-4820773-4820788,21,33,28,6,1,27,27,25
276-B-bug-5933556-5940552,21,41,21,6,5,35,16,24
276-B-bug-5933573-5940552,21,41,37,6,5,35,32,25
276-B-bug-6188908-6188949,21,41,36,6,1,35,35,40
281-A-bug-18132658-18132720,21,49,49,3,3,46,46,24
291-B-bug-3524194-3524237,21,21,4,21,4,0,0,9
291-B-bug-3537395-3537438,21,21,6,4,4,17,2,35
291-B-bug-3539893-3539896,21,23,4,4,4,19,0,24
291-B-bug-3726598-3726610,21,23,4,4,4,19,0,24
291-B-bug-6753127-6753143,21,31,4,2,2,29,2,30
316-A1-bug-3879223-3879239,21,35,27,4,2,31,25,30
316-A2-bug-3868271-3868327,21,27,17,17,17,10,0,24
316-A2-bug-3876995-3877003,21,36,26,4,4,32,22,37
31-B-bug-10514546-10514583,21,84,10,9,9,75,1,31
31-B-bug-10514554-10514583,21,84,10,9,9,75,1,31
31-B-bug-136044-136045,21,68,56,48,48,20,8,24
31-B-bug-14199570-14199578,21,74,9,9,9,65,0,24
31-B-bug-512114-512120,21,72,10,9,9,63,1,31
31-B-bug-512116-512120,21,68,40,40,40,28,0,23
31-B-bug-6435804-6435825,21,90,87,5,2,85,85,27
353-D-bug-4926926-4926955,21,27,18,9,1,18,17,52
353-D-bug-6175754-6175760,21,24,19,6,1,18,18,58
363-C-bug-13754002-13754097,21,45,45,2,2,43,43,40
363-C-bug-5405641-5405684,21,31,26,9,4,22,22,58
385-B-bug-11063177-11063186,21,17,11,8,2,9,9,50
385-B-bug-17596493-17596993,21,17,16,3,2,14,14,50
385-B-bug-6898992-6898998,21,17,17,8,8,9,9,34
385-B-bug-9215199-9215223,21,17,5,10,3,7,2,35
393-A-bug-10224824-10224841,21,77,49,3,3,74,46,26
393-A-bug-12975319-12975331,21,68,7,7,7,61,0,23
393-A-bug-13882866-13882981,21,62,42,21,1,41,41,88
393-A-bug-13915086-13915488,21,72,60,13,1,59,59,92
393-A-bug-13915169-13915488,21,102,99,6,3,96,96,119
393-A-bug-14052177-14052206,21,62,35,9,1,53,34,75
411-A-bug-14678684-14678713,21,143,80,5,5,138,75,38
411-A-bug-9661639-9661654,21,143,80,5,5,138,75,41
41-C-bug-10642948-10642983,21,56,36,21,1,35,35,38
41-C-bug-10642957-10642983,21,55,45,10,2,45,43,50
41-C-bug-10642972-10642983,21,55,52,4,1,51,51,48
41-C-bug-10643130-10643148,21,57,29,31,3,26,26,44
41-C-bug-16825894-16825911,21,57,38,21,4,36,34,48
41-C-bug-17904918-17904940,21,92,85,2,2,90,83,58
41-C-bug-17904924-17904940,21,56,36,21,1,35,35,44
41-C-bug-17917572-17917578,21,63,49,16,2,47,47,31
41-C-bug-187321-187384,21,56,37,21,2,35,35,40
41-C-bug-736212-736216,21,63,51,16,4,47,47,28
420-A-bug-13091991-13091997,21,79,58,23,20,56,38,27
420-A-bug-14171953-14171970,21,78,68,7,6,71,62,30
420-A-bug-14755133-14755144,21,129,129,5,5,124,124,24
420-A-bug-16671795-16671832,21,79,55,43,31,36,24,25
451-D-bug-7249921-7249950,21,19,13,17,11,2,2,27
505-A-bug-10101095-10101109,21,56,50,6,5,50,45,38
505-A-bug-10513326-10513335,21,43,30,17,16,26,14,31
538-A-bug-14000679-14000824,21,79,77,3,1,76,76,53
538-A-bug-16876247-16876282,21,102,102,2,2,100,100,65
550-A-bug-17839318-17839327,21,83,79,12,9,71,70,42
575-D-bug-12872706-12872745,21,3,3,3,3,0,0,29
58-A-bug-17762757-17762804,21,45,7,7,7,38,0,24
58-A-bug-18163826-18163845,21,42,17,17,17,25,0,27
58-A-bug-18231253-18231295,21,43,40,5,2,38,38,51
59-A-bug-17307162-17307176,21,34,34,34,34,0,0,28
600-A-bug-18147663-18147679,21,37,34,3,1,34,33,26
600-A-bug-18147672-18147679,21,37,34,3,1,34,33,26
665-C-bug-17762752-17762802,21,21,21,4,4,17,17,24
677-C-bug-18206311-18206325,21,21,17,17,17,4,0,26
8-B-bug-17229415-17229625,21,69,56,15,2,54,54,69
8-B-bug-36489-36547,21,91,91,2,2,89,89,25
8-B-bug-37890-37891,21,82,75,8,1,74,74,68
8-B-bug-459037-459038,21,63,34,63,34,0,0,28
113-A-bug-683826-683913,22,356,304,53,1,303,303,75
113-A-bug-691902-691903,22,360,332,25,1,335,331,60
118-A-bug-18073097-18080639,22,57,17,15,15,42,2,29
118-A-bug-18103516-18103560,22,57,46,15,4,42,42,29
118-A-bug-18109879-18109907,22,57,53,15,11,42,42,28
118-A-bug-18134274-18134357,22,57,51,15,9,42,42,29
118-A-bug-18174609-18174835,22,57,47,15,5,42,42,29
118-A-bug-18174643-18174835,22,57,53,15,11,42,42,25
118-A-bug-18174652-18174835,22,57,53,15,11,42,42,29
118-A-bug-18174751-18174835,22,57,46,15,4,42,42,29
118-A-bug-18282023-18282195,22,57,53,15,11,42,42,25
118-A-bug-18294639-18294683,22,57,53,15,11,42,42,28
118-A-bug-18327752-18328450,22,57,50,11,4,46,46,29
124-C-bug-5745829-5746012,22,62,35,8,4,54,31,27
126-B-bug-16617781-16617816,22,48,42,8,2,40,40,26
126-B-bug-6462704-6462737,22,48,39,10,1,38,38,49
131-A-bug-18069181-18073244,22,61,10,10,10,51,0,29
131-A-bug-18178430-18178436,22,65,62,4,4,61,58,24
131-A-bug-18178468-18252378,22,62,22,10,6,52,16,29
131-A-bug-18296690-18296701,22,65,63,4,4,61,59,24
133-A-bug-17969403-17975791,22,88,65,13,13,75,52,23
133-A-bug-17992884-17992958,22,88,65,13,13,75,52,25
133-A-bug-17993292-17993355,22,88,79,13,5,75,74,29
133-A-bug-18017249-18017267,22,88,65,13,13,75,52,24
133-A-bug-18047608-18047662,22,88,80,13,6,75,74,28
133-A-bug-18048780-18048793,22,87,32,32,32,55,0,25
133-A-bug-18066416-18066518,22,88,80,13,6,75,74,28
133-A-bug-18217634-18217677,22,88,77,13,7,75,70,24
133-A-bug-18285631-18285709,22,88,79,13,5,75,74,29
133-A-bug-18285699-18285856,22,88,54,69,35,19,19,23
133-A-bug-18285725-18285856,22,88,65,13,13,75,52,24
133-A-bug-18292018-18292024,22,88,79,13,4,75,75,28
133-A-bug-18296173-18296188,22,88,65,13,13,75,52,24
133-A-bug-18327759-18327824,22,88,79,13,4,75,75,28
133-A-bug-18348504-18348539,22,88,65,13,13,75,52,24
133-A-bug-18355672-18355701,22,88,65,13,13,75,52,24
133-C-bug-925626-925706,22,19,19,19,19,0,0,28
137-A-bug-11590458-11590515,22,50,39,15,4,35,35,42
137-A-bug-8134102-8134128,22,50,37,9,9,41,28,28
147-A-bug-1045602-1045611,22,79,61,45,31,34,30,28
147-A-bug-1045605-1045611,22,78,46,44,44,34,2,28
147-A-bug-12915557-12915622,22,74,40,38,38,36,2,29
174-B-bug-1501641-1501825,22,69,66,4,1,65,65,66
174-B-bug-1504776-1504783,22,90,86,6,2,84,84,63
180-C-bug-15764515-15764561,22,20,13,6,2,14,11,29
197-C-bug-11986074-11986110,22,23,23,23,23,0,0,27
197-C-bug-2103086-2103090,22,23,23,6,6,17,17,28
202-A-bug-1864388-1905671,22,59,39,29,28,30,11,30
202-A-bug-1938570-1938571,22,59,59,59,59,0,0,26
208-A-bug-17532993-17533015,22,73,53,59,43,14,10,31
208-A-bug-17922157-17922172,22,25,15,15,15,10,0,24
208-A-bug-18102368-18102377,22,62,62,62,62,0,0,26
208-A-bug-18110250-18110255,22,74,9,68,3,6,6,34
208-A-bug-18123262-18123289,22,74,14,68,8,6,6,39
208-A-bug-18123271-18123289,22,74,11,68,5,6,6,42
208-A-bug-18266864-18266892,22,81,60,31,13,50,47,40
208-A-bug-18351096-18351104,22,74,33,33,33,41,0,26
236-A-bug-18003726-18007529,22,91,64,39,38,52,26,60
236-A-bug-18003976-18004085,22,89,89,89,89,0,0,28
236-A-bug-18007495-18007529,22,89,89,89,89,0,0,29
236-A-bug-18227052-18227120,22,91,64,39,39,52,25,61
236-A-bug-18338107-18338153,22,91,62,37,36,54,26,62
245-B-bug-15450004-15450022,22,26,18,4,2,22,16,46
245-B-bug-15926715-15927032,22,26,18,4,2,22,16,46
276-B-bug-10441668-10441759,22,33,29,6,5,27,24,25
276-B-bug-14833281-14833300,22,41,37,6,5,35,32,25
276-B-bug-15034096-15034124,22,46,41,6,1,40,40,25
276-B-bug-4820773-4820788,22,33,28,6,1,27,27,40
276-B-bug-5933556-5940552,22,41,21,6,5,35,16,24
276-B-bug-5933573-5940552,22,41,37,6,5,35,32,25
276-B-bug-6188908-6188949,22,41,36,6,1,35,35,40
281-A-bug-18132658-18132720,22,49,49,3,3,46,46,24
281-A-bug-18294879-18294887,22,28,28,28,28,0,0,24
291-B-bug-3524194-3524237,22,21,15,21,15,0,0,25
291-B-bug-3537395-3537438,22,21,6,4,4,17,2,34
291-B-bug-3539893-3539896,22,23,4,4,4,19,0,24
291-B-bug-3726598-3726610,22,23,4,4,4,19,0,24
291-B-bug-6753127-6753143,22,31,4,2,2,29,2,30
316-A1-bug-3879223-3879239,22,35,12,4,4,31,8,30
316-A2-bug-3876995-3877003,22,36,26,4,4,32,22,37
31-B-bug-10514546-10514583,22,84,9,9,9,75,0,24
31-B-bug-10514554-10514583,22,84,14,9,8,75,6,29
31-B-bug-10514570-10514583,22,96,40,7,6,89,34,30
31-B-bug-136044-136045,22,68,33,48,13,20,20,24
31-B-bug-14199570-14199578,22,74,30,9,9,65,21,25
31-B-bug-14288247-14288278,22,74,9,9,9,65,0,24
31-B-bug-512114-512120,22,72,18,9,8,63,10,29
31-B-bug-512116-512120,22,68,40,40,40,28,0,24
353-D-bug-4926926-4926955,22,27,18,9,1,18,17,52
353-D-bug-6175754-6175760,22,24,19,6,1,18,18,57
363-C-bug-13754002-13754097,22,45,45,2,2,43,43,40
385-B-bug-11063177-11063186,22,17,14,8,5,9,9,35
385-B-bug-17596493-17596993,22,17,16,3,2,14,14,50
385-B-bug-6898992-6898998,22,17,14,8,5,9,9,35
385-B-bug-9215199-9215223,22,17,5,10,3,7,2,35
393-A-bug-10224824-10224841,22,77,3,3,3,74,0,27
393-A-bug-12975319-12975331,22,68,7,7,7,61,0,27
393-A-bug-13882866-13882981,22,62,42,21,1,41,41,89
393-A-bug-13915086-13915488,22,72,60,13,1,59,59,356
393-A-bug-13915169-13915488,22,102,99,6,3,96,96,119
393-A-bug-14052177-14052206,22,62,55,9,2,53,53,51
411-A-bug-14678684-14678713,22,143,80,5,5,138,75,38
411-A-bug-9661639-9661654,22,143,80,5,5,138,75,41
41-C-bug-10642948-10642983,22,56,37,21,2,35,35,40
41-C-bug-10642957-10642983,22,55,48,10,3,45,45,42
41-C-bug-10642972-10642983,22,55,53,4,2,51,51,47
41-C-bug-10643130-10643148,22,57,29,31,3,26,26,38
41-C-bug-16825894-16825911,22,57,37,21,1,36,36,44
41-C-bug-17904918-17904940,22,92,85,2,2,90,83,58
41-C-bug-17904924-17904940,22,56,36,21,2,35,34,40
41-C-bug-17917572-17917578,22,63,51,16,4,47,47,34
41-C-bug-187321-187384,22,56,38,21,4,35,34,48
41-C-bug-736212-736216,22,63,50,16,3,47,47,28
420-A-bug-13091991-13091997,22,79,57,23,16,56,41,26
420-A-bug-14171953-14171970,22,78,52,7,6,71,46,26
420-A-bug-14755133-14755144,22,129,129,5,5,124,124,24
420-A-bug-16671795-16671832,22,79,52,43,43,36,9,25
451-D-bug-7249921-7249950,22,19,19,17,17,2,2,26
505-A-bug-10101095-10101109,22,56,49,6,5,50,44,48
505-A-bug-10513326-10513335,22,43,37,17,13,26,24,31
538-A-bug-14000679-14000824,22,79,78,3,2,76,76,77
538-A-bug-16876247-16876282,22,102,102,2,2,100,100,65
575-D-bug-12872706-12872745,22,3,3,3,3,0,0,24
58-A-bug-17762757-17762804,22,45,8,7,7,38,1,26
58-A-bug-18163826-18163845,22,42,17,17,17,25,0,24
58-A-bug-18231253-18231295,22,43,41,5,3,38,38,61
59-A-bug-17307162-17307176,22,34,34,34,34,0,0,25
600-A-bug-18147663-18147679,22,37,17,3,3,34,14,25
600-A-bug-18147672-18147679,22,37,36,3,2,34,34,25
665-C-bug-17762752-17762802,22,21,21,4,4,17,17,24
677-C-bug-18206311-18206325,22,21,17,17,17,4,0,23
8-B-bug-17229415-17229625,22,69,56,15,3,54,53,30
8-B-bug-36489-36547,22,91,91,2,2,89,89,25
8-B-bug-37890-37891,22,82,75,8,1,74,74,77
8-B-bug-459037-459038,22,63,37,63,37,0,0,29
113-A-bug-683826-683913,23,356,305,53,3,303,302,51
113-A-bug-691902-691903,23,360,332,25,2,335,330,108
118-A-bug-18073097-18080639,23,57,51,15,9,42,42,30
118-A-bug-18103516-18103560,23,57,46,15,4,42,42,29
118-A-bug-18109879-18109907,23,57,53,15,11,42,42,28
118-A-bug-18134274-18134357,23,57,47,15,5,42,42,29
118-A-bug-18174609-18174835,23,57,51,15,9,42,42,30
118-A-bug-18174643-18174835,23,57,53,15,11,42,42,29
118-A-bug-18174652-18174835,23,57,47,15,5,42,42,29
118-A-bug-18174751-18174835,23,57,49,15,7,42,42,31
118-A-bug-18282023-18282195,23,57,53,15,11,42,42,26
118-A-bug-18294639-18294683,23,57,51,15,9,42,42,23
118-A-bug-18327752-18328450,23,57,50,11,4,46,46,29
123-A-bug-1869815-1869826,23,34,22,17,5,17,17,28
126-B-bug-16617781-16617816,23,48,41,8,1,40,40,36
131-A-bug-18069181-18073244,23,61,50,10,3,51,47,23
131-A-bug-18178430-18178436,23,65,62,4,4,61,58,24
131-A-bug-18178468-18252378,23,62,10,10,10,52,0,29
131-A-bug-18296690-18296701,23,65,62,4,4,61,58,24
133-A-bug-17969403-17975791,23,88,65,13,13,75,52,24
133-A-bug-17992884-17992958,23,88,80,13,6,75,74,28
133-A-bug-17993292-17993355,23,88,65,13,13,75,52,23
133-A-bug-18047608-18047662,23,88,80,13,6,75,74,28
133-A-bug-18048780-18048793,23,87,52,32,27,55,25,27
133-A-bug-18066416-18066518,23,88,65,13,13,75,52,24
133-A-bug-18158271-18158334,23,88,65,13,13,75,52,25
133-A-bug-18217634-18217677,23,88,65,13,13,75,52,24
133-A-bug-18285631-18285709,23,88,65,13,13,75,52,23
133-A-bug-18286216-18286228,23,88,65,13,13,75,52,23
133-A-bug-18292018-18292024,23,88,79,13,5,75,74,30
133-A-bug-18296173-18296188,23,88,79,13,5,75,74,29
133-A-bug-18348504-18348539,23,88,65,13,13,75,52,25
133-A-bug-18355672-18355701,23,88,79,13,5,75,74,30
133-C-bug-925626-925706,23,19,19,19,19,0,0,25
133-C-bug-927836-927839,23,19,19,8,8,11,11,9
137-A-bug-11590458-11590515,23,50,42,15,9,35,33,36
137-A-bug-8134102-8134128,23,50,43,9,2,41,41,47
147-A-bug-1015775-1015776,23,78,56,46,24,32,32,27
147-A-bug-1045602-1045611,23,79,47,45,45,34,2,27
147-A-bug-1045605-1045611,23,78,46,44,44,34,2,27
147-A-bug-12915557-12915622,23,74,45,38,22,36,23,24
174-B-bug-1501641-1501825,23,69,65,4,2,65,63,55
174-B-bug-1504776-1504783,23,90,85,6,1,84,84,68
180-C-bug-15764515-15764561,23,20,13,6,2,14,11,29
197-C-bug-11986074-11986110,23,23,12,23,12,0,0,25
197-C-bug-2103086-2103090,23,23,23,6,6,17,17,27
202-A-bug-1864388-1905671,23,59,39,29,28,30,11,30
202-A-bug-1938570-1938571,23,59,59,59,59,0,0,25
208-A-bug-17292049-17292076,23,73,40,41,39,32,1,33
208-A-bug-17532993-17533015,23,73,57,59,57,14,0,28
208-A-bug-17922157-17922172,23,25,15,15,15,10,0,24
208-A-bug-18102368-18102377,23,62,62,62,62,0,0,29
208-A-bug-18260832-18260860,23,74,42,41,41,33,1,29
208-A-bug-18266864-18266892,23,81,60,31,13,50,47,40
208-A-bug-18351096-18351104,23,74,33,33,33,41,0,24
236-A-bug-18003726-18007529,23,91,64,39,39,52,25,52
236-A-bug-18003976-18004085,23,89,89,89,89,0,0,29
236-A-bug-18007495-18007529,23,89,89,89,89,0,0,24
236-A-bug-18227052-18227120,23,91,64,39,39,52,25,43
236-A-bug-18338107-18338153,23,91,62,37,36,54,26,66
245-B-bug-15450004-15450022,23,26,24,4,2,22,22,46
245-B-bug-15926715-15927032,23,26,18,4,2,22,16,46
276-B-bug-10441668-10441759,23,33,29,6,5,27,24,25
276-B-bug-13314488-13314500,23,33,29,6,5,27,24,25
276-B-bug-14833281-14833300,23,41,37,6,5,35,32,24
276-B-bug-15034096-15034124,23,46,41,6,1,40,40,40
276-B-bug-16707425-16707470,23,35,27,11,4,24,23,40
276-B-bug-4820773-4820788,23,33,28,6,1,27,27,40
276-B-bug-5933556-5940552,23,41,37,6,5,35,32,25
276-B-bug-6188908-6188949,23,41,36,6,1,35,35,40
281-A-bug-18132658-18132720,23,49,49,3,3,46,46,24
291-B-bug-3524194-3524237,23,21,10,21,10,0,0,27
291-B-bug-3537395-3537438,23,21,5,4,4,17,1,30
291-B-bug-3539893-3539896,23,23,4,4,4,19,0,24
291-B-bug-3726598-3726610,23,23,4,4,4,19,0,24
291-B-bug-6753127-6753143,23,31,4,2,2,29,2,30
316-A1-bug-3879223-3879239,23,35,12,4,2,31,10,25
316-A2-bug-3868271-3868327,23,27,18,17,17,10,1,25
316-A2-bug-3876995-3877003,23,36,26,4,4,32,22,37
31-B-bug-10514546-10514583,23,84,14,9,8,75,6,29
31-B-bug-512114-512120,23,72,9,9,9,63,0,24
31-B-bug-512116-512120,23,68,46,40,25,28,21,26
31-B-bug-6435804-6435825,23,90,72,5,4,85,68,27
353-D-bug-4926926-4926955,23,27,21,9,4,18,17,41
353-D-bug-6175754-6175760,23,24,20,6,2,18,18,49
363-C-bug-13754002-13754097,23,45,45,2,2,43,43,40
363-C-bug-5405641-5405684,23,31,25,9,3,22,22,45
385-B-bug-11063177-11063186,23,17,12,8,3,9,9,38
385-B-bug-17596493-17596993,23,17,16,3,2,14,14,50
385-B-bug-6898992-6898998,23,17,12,8,3,9,9,38
385-B-bug-9215199-9215223,23,17,7,10,3,7,4,38
385-B-bug-9431521-9431545,23,29,11,11,11,18,0,23
393-A-bug-10224824-10224841,23,77,4,3,3,74,1,27
393-A-bug-12975319-12975331,23,68,7,7,7,61,0,27
393-A-bug-13882866-13882981,23,62,42,21,1,41,41,98
393-A-bug-13915086-13915488,23,72,60,13,1,59,59,233
393-A-bug-13915169-13915488,23,102,99,6,3,96,96,119
393-A-bug-14052177-14052206,23,62,54,9,1,53,53,83
411-A-bug-14678684-14678713,23,143,80,5,5,138,75,41
411-A-bug-9661639-9661654,23,143,80,5,5,138,75,38
41-C-bug-10642948-10642983,23,56,36,21,1,35,35,58
41-C-bug-10642957-10642983,23,55,48,10,3,45,45,42
41-C-bug-10642972-10642983,23,55,52,4,1,51,51,51
41-C-bug-10643130-10643148,23,57,30,31,4,26,26,76
41-C-bug-16825894-16825911,23,57,37,21,1,36,36,59
41-C-bug-17904918-17904940,23,92,85,2,2,90,83,58
41-C-bug-17904924-17904940,23,56,36,21,1,35,35,38
41-C-bug-17917572-17917578,23,63,53,16,6,47,47,34
41-C-bug-187321-187384,23,56,36,21,1,35,35,46
41-C-bug-736212-736216,23,63,53,16,6,47,47,32
420-A-bug-13091991-13091997,23,79,52,23,16,56,36,24
420-A-bug-14171953-14171970,23,78,75,7,5,71,70,30
420-A-bug-14755133-14755144,23,129,129,5,5,124,124,25
420-A-bug-16671795-16671832,23,79,48,43,35,36,13,25
451-D-bug-7249921-7249950,23,19,19,17,17,2,2,23
505-A-bug-10101095-10101109,23,56,49,6,5,50,44,48
505-A-bug-10513326-10513335,23,43,35,17,14,26,21,33
538-A-bug-14000679-14000824,23,79,78,3,2,76,76,77
538-A-bug-16876247-16876282,23,102,102,2,2,100,100,65
550-A-bug-17839318-17839327,23,83,79,12,9,71,70,36
575-D-bug-12872706-12872745,23,3,3,3,3,0,0,29
58-A-bug-17762757-17762804,23,45,7,7,7,38,0,24
58-A-bug-18163826-18163845,23,42,17,17,17,25,0,26
58-A-bug-18231253-18231295,23,43,41,5,3,38,38,61
59-A-bug-17307162-17307176,23,34,34,34,34,0,0,29
600-A-bug-18147663-18147679,23,37,17,3,3,34,14,25
600-A-bug-18147672-18147679,23,37,36,3,2,34,34,25
665-C-bug-17762752-17762802,23,21,21,4,4,17,17,24
677-C-bug-18192762-18193123,23,26,16,16,16,10,0,24
8-B-bug-17229415-17229625,23,69,57,15,4,54,53,38
8-B-bug-36489-36547,23,91,91,2,2,89,89,25
8-B-bug-37890-37891,23,82,75,8,1,74,74,118
8-B-bug-459037-459038,23,63,55,63,55,0,0,25
113-A-bug-683826-683913,24,356,305,53,3,303,302,62
113-A-bug-691902-691903,24,360,333,25,3,335,330,58
118-A-bug-18073097-18080639,24,57,51,15,9,42,42,32
118-A-bug-18103516-18103560,24,57,53,15,11,42,42,28
118-A-bug-18109879-18109907,24,57,51,15,9,42,42,29
118-A-bug-18134274-18134357,24,57,46,15,4,42,42,29
118-A-bug-18174609-18174835,24,57,51,15,9,42,42,30
118-A-bug-18174643-18174835,24,57,53,15,11,42,42,28
118-A-bug-18174652-18174835,24,57,46,15,4,42,42,30
118-A-bug-18174751-18174835,24,57,53,15,11,42,42,26
118-A-bug-18282023-18282195,24,57,51,15,9,42,42,29
118-A-bug-18294639-18294683,24,57,53,15,11,42,42,29
118-A-bug-18327752-18328450,24,57,57,11,11,46,46,28
123-A-bug-1869815-1869826,24,34,17,17,17,17,0,24
124-C-bug-5745829-5746012,24,62,58,8,4,54,54,27
126-B-bug-16617781-16617816,24,48,41,8,1,40,40,46
126-B-bug-6462704-6462737,24,48,39,10,1,38,38,34
131-A-bug-18069181-18073244,24,61,50,10,6,51,44,24
131-A-bug-18178430-18178436,24,65,62,4,4,61,58,24
131-A-bug-18178468-18252378,24,62,10,10,10,52,0,29
131-A-bug-18296690-18296701,24,65,62,4,4,61,58,24
133-A-bug-17969403-17975791,24,88,79,13,5,75,74,29
133-A-bug-17992884-17992958,24,88,65,13,13,75,52,24
133-A-bug-17993292-17993355,24,88,65,13,13,75,52,25
133-A-bug-18017249-18017267,24,88,65,13,13,75,52,23
133-A-bug-18047608-18047662,24,88,77,13,7,75,70,24
133-A-bug-18048780-18048793,24,87,34,32,32,55,2,26
133-A-bug-18066416-18066518,24,88,65,13,13,75,52,25
133-A-bug-18158271-18158334,24,88,65,13,13,75,52,25
133-A-bug-18217634-18217677,24,88,65,13,13,75,52,25
133-A-bug-18285631-18285709,24,88,65,13,13,75,52,24
133-A-bug-18285699-18285856,24,88,59,69,40,19,19,24
133-A-bug-18285725-18285856,24,88,79,13,4,75,75,28
133-A-bug-18286216-18286228,24,88,81,13,7,75,74,27
133-A-bug-18292018-18292024,24,88,81,13,7,75,74,27
133-A-bug-18296173-18296188,24,88,65,13,13,75,52,24
133-A-bug-18327759-18327824,24,88,80,13,6,75,74,28
133-A-bug-18348504-18348539,24,88,65,13,13,75,52,23
133-A-bug-18355672-18355701,24,88,65,13,13,75,52,24
133-C-bug-925626-925706,24,19,19,19,19,0,0,26
133-C-bug-927836-927839,24,19,19,8,8,11,11,6
137-A-bug-11590458-11590515,24,50,38,15,3,35,35,35
137-A-bug-8134102-8134128,24,50,42,9,7,41,35,29
147-A-bug-1015775-1015776,24,78,65,46,33,32,32,27
147-A-bug-1045602-1045611,24,79,61,45,31,34,30,28
147-A-bug-1045605-1045611,24,78,44,44,44,34,0,25
174-B-bug-1501641-1501825,24,69,66,4,1,65,65,45
174-B-bug-1504776-1504783,24,90,86,6,2,84,84,63
180-C-bug-15764515-15764561,24,20,13,6,2,14,11,29
197-C-bug-11986074-11986110,24,23,12,23,12,0,0,25
197-C-bug-2103086-2103090,24,23,23,6,6,17,17,28
202-A-bug-1864388-1905671,24,59,36,29,14,30,22,32
202-A-bug-1938570-1938571,24,59,59,59,59,0,0,25
208-A-bug-17292049-17292076,24,73,41,41,41,32,0,26
208-A-bug-17922157-17922172,24,25,15,15,15,10,0,25
208-A-bug-18102368-18102377,24,62,62,62,62,0,0,29
208-A-bug-18110250-18110255,24,74,27,68,21,6,6,37
208-A-bug-18123262-18123289,24,74,52,68,46,6,6,35
208-A-bug-18123271-18123289,24,74,13,68,7,6,6,33
208-A-bug-18351096-18351104,24,74,33,33,33,41,0,23
236-A-bug-18003726-18007529,24,91,64,39,38,52,26,60
236-A-bug-18003976-18004085,24,89,89,89,89,0,0,28
236-A-bug-18007495-18007529,24,89,89,89,89,0,0,28
236-A-bug-18227052-18227120,24,91,60,39,11,52,49,80
236-A-bug-18338107-18338153,24,91,62,37,36,54,26,50
245-B-bug-15450004-15450022,24,26,24,4,2,22,22,46
245-B-bug-15926715-15927032,24,26,23,4,1,22,22,48
276-B-bug-13314488-13314500,24,33,31,6,5,27,26,25
276-B-bug-15034096-15034124,24,46,40,6,5,40,35,24
276-B-bug-16707425-16707470,24,35,25,11,4,24,21,34
276-B-bug-4820773-4820788,24,33,29,6,5,27,24,24
276-B-bug-5933556-5940552,24,41,37,6,5,35,32,24
276-B-bug-5933573-5940552,24,41,36,6,1,35,35,39
276-B-bug-6188908-6188949,24,41,36,6,1,35,35,40
281-A-bug-18132658-18132720,24,49,49,3,3,46,46,23
291-B-bug-3524194-3524237,24,21,3,21,3,0,0,7
291-B-bug-3537395-3537438,24,21,7,4,4,17,3,34
291-B-bug-3539893-3539896,24,23,4,4,4,19,0,24
291-B-bug-3726598-3726610,24,23,4,4,4,19,0,24
291-B-bug-6753127-6753143,24,31,6,2,2,29,4,30
316-A1-bug-3879223-3879239,24,35,33,4,2,31,31,30
316-A2-bug-3868271-3868327,24,27,18,17,17,10,1,24
316-A2-bug-3876995-3877003,24,36,26,4,4,32,22,37
31-B-bug-10514554-10514583,24,84,9,9,9,75,0,24
31-B-bug-10514570-10514583,24,96,42,7,6,89,36,33
31-B-bug-136044-136045,24,68,56,48,48,20,8,24
31-B-bug-512114-512120,24,72,9,9,9,63,0,24
31-B-bug-512116-512120,24,68,40,40,40,28,0,24
31-B-bug-6435804-6435825,24,90,72,5,4,85,68,26
353-D-bug-4926926-4926955,24,27,18,9,1,18,17,52
353-D-bug-6175754-6175760,24,24,20,6,2,18,18,49
363-C-bug-13754002-13754097,24,45,45,2,2,43,43,40
363-C-bug-5405641-5405684,24,31,25,9,3,22,22,36
385-B-bug-11063177-11063186,24,17,17,8,8,9,9,34
385-B-bug-17596493-17596993,24,17,16,3,2,14,14,50
385-B-bug-6898992-6898998,24,17,14,8,5,9,9,35
393-A-bug-10224824-10224841,24,77,49,3,3,74,46,26
393-A-bug-12975319-12975331,24,68,7,7,7,61,0,23
393-A-bug-13882866-13882981,24,62,42,21,1,41,41,265
393-A-bug-13915086-13915488,24,72,61,13,2,59,59,223
393-A-bug-13915169-13915488,24,102,99,6,3,96,96,119
393-A-bug-14052177-14052206,24,62,47,9,1,53,46,85
411-A-bug-14678684-14678713,24,143,80,5,5,138,75,38
411-A-bug-9661639-9661654,24,143,80,5,5,138,75,38
41-C-bug-10642948-10642983,24,56,36,21,1,35,35,47
41-C-bug-10642957-10642983,24,55,46,10,1,45,45,48
41-C-bug-10642972-10642983,24,55,52,4,1,51,51,48
41-C-bug-10643130-10643148,24,57,32,31,6,26,26,45
41-C-bug-16825894-16825911,24,57,37,21,1,36,36,54
41-C-bug-17904918-17904940,24,92,85,2,2,90,83,58
41-C-bug-17904924-17904940,24,56,36,21,1,35,35,42
41-C-bug-17917572-17917578,24,63,48,16,1,47,47,35
41-C-bug-187321-187384,24,56,37,21,2,35,35,40
41-C-bug-736212-736216,24,63,51,16,4,47,47,28
420-A-bug-13091991-13091997,24,79,60,23,16,56,44,24
420-A-bug-14171953-14171970,24,78,52,7,6,71,46,26
420-A-bug-14755133-14755144,24,129,129,5,5,124,124,24
420-A-bug-16671795-16671832,24,79,50,43,43,36,7,23
505-A-bug-10101095-10101109,24,56,50,6,5,50,45,38
505-A-bug-10513326-10513335,24,43,31,17,13,26,18,31
538-A-bug-14000679-14000824,24,79,77,3,1,76,76,53
538-A-bug-16876247-16876282,24,102,102,2,2,100,100,65
550-A-bug-17839318-17839327,24,83,79,12,9,71,70,42
575-D-bug-12872706-12872745,24,3,3,3,3,0,0,29
58-A-bug-17762757-17762804,24,45,7,7,7,38,0,24
58-A-bug-18163826-18163845,24,42,17,17,17,25,0,24
58-A-bug-18231253-18231295,24,43,40,5,2,38,38,51
59-A-bug-17307162-17307176,24,34,34,34,34,0,0,25
59-A-bug-17706574-17706595,24,43,40,3,0,40,40,261
600-A-bug-18147663-18147679,24,37,34,3,1,34,33,26
600-A-bug-18147672-18147679,24,37,34,3,1,34,33,26
665-C-bug-17762752-17762802,24,21,21,4,4,17,17,24
677-C-bug-18206311-18206325,24,21,19,17,17,4,2,25
8-B-bug-17229415-17229625,24,69,56,15,4,54,52,68
8-B-bug-36489-36547,24,91,91,2,2,89,89,25
8-B-bug-37890-37891,24,82,76,8,2,74,74,30
8-B-bug-459037-459038,24,63,42,63,42,0,0,27
113-A-bug-683826-683913,25,356,302,53,1,303,301,59
113-A-bug-691902-691903,25,360,337,25,3,335,334,63
118-A-bug-18073097-18080639,25,57,53,15,11,42,42,29
118-A-bug-18103516-18103560,25,57,47,15,5,42,42,29
118-A-bug-18109879-18109907,25,57,51,15,9,42,42,23
118-A-bug-18134274-18134357,25,57,46,15,4,42,42,30
118-A-bug-18144017-18166218,25,75,73,4,2,71,71,264
118-A-bug-18174609-18174835,25,57,49,15,7,42,42,31
118-A-bug-18174643-18174835,25,57,53,15,11,42,42,29
118-A-bug-18174652-18174835,25,57,53,15,11,42,42,29
118-A-bug-18174751-18174835,25,57,49,15,7,42,42,31
118-A-bug-18282023-18282195,25,57,53,15,11,42,42,28
118-A-bug-18294639-18294683,25,57,15,15,15,42,0,29
118-A-bug-18327752-18328450,25,57,57,11,11,46,46,31
123-A-bug-1869815-1869826,25,34,22,17,5,17,17,28
126-B-bug-16617781-16617816,25,48,42,8,2,40,40,26
126-B-bug-6462704-6462737,25,48,40,10,2,38,38,32
131-A-bug-18069181-18073244,25,61,10,10,10,51,0,23
131-A-bug-18178430-18178436,25,65,62,4,4,61,58,24
131-A-bug-18178468-18252378,25,62,10,10,10,52,0,29
131-A-bug-18296690-18296701,25,65,62,4,4,61,58,24
133-A-bug-17969403-17975791,25,88,65,13,13,75,52,24
133-A-bug-17992884-17992958,25,88,65,13,13,75,52,24
133-A-bug-17993292-17993355,25,88,65,13,13,75,52,24
133-A-bug-18017249-18017267,25,88,65,13,13,75,52,23
133-A-bug-18048780-18048793,25,87,32,32,32,55,0,23
133-A-bug-18066416-18066518,25,88,65,13,13,75,52,25
133-A-bug-18158271-18158334,25,88,65,13,13,75,52,24
133-A-bug-18158313-18158334,25,90,72,12,12,78,60,24
133-A-bug-18217634-18217677,25,88,65,13,13,75,52,24
133-A-bug-18285631-18285709,25,88,65,13,13,75,52,25
133-A-bug-18285699-18285856,25,88,27,69,8,19,19,27
133-A-bug-18285725-18285856,25,88,65,13,13,75,52,24
133-A-bug-18286216-18286228,25,88,81,13,7,75,74,27
133-A-bug-18292018-18292024,25,88,81,13,7,75,74,27
133-A-bug-18296173-18296188,25,88,65,13,13,75,52,23
133-A-bug-18327759-18327824,25,88,65,13,13,75,52,24
133-A-bug-18348504-18348539,25,88,79,13,5,75,74,30
133-A-bug-18355672-18355701,25,88,80,13,6,75,74,28
133-C-bug-925626-925706,25,19,19,19,19,0,0,27
133-C-bug-927836-927839,25,19,19,8,8,11,11,6
137-A-bug-11590458-11590515,25,50,41,15,6,35,35,31
137-A-bug-8134102-8134128,25,50,42,9,7,41,35,29
147-A-bug-1015775-1015776,25,78,46,46,46,32,0,24
147-A-bug-1045605-1045611,25,78,44,44,44,34,0,25
147-A-bug-12915557-12915622,25,74,38,38,38,36,0,30
174-B-bug-1501641-1501825,25,69,66,4,1,65,65,66
174-B-bug-1504776-1504783,25,90,86,6,2,84,84,63
180-C-bug-15764515-15764561,25,20,14,6,1,14,13,24
197-C-bug-11986074-11986110,25,23,12,23,12,0,0,25
197-C-bug-2103086-2103090,25,23,21,6,4,17,17,26
202-A-bug-1864388-1905671,25,59,36,29,14,30,22,32
202-A-bug-1938570-1938571,25,59,59,59,59,0,0,25
208-A-bug-17292049-17292076,25,73,45,41,37,32,8,28
208-A-bug-17532993-17533015,25,73,59,59,59,14,0,25
208-A-bug-17922157-17922172,25,25,15,15,15,10,0,26
208-A-bug-18102368-18102377,25,62,62,62,62,0,0,29
208-A-bug-18123262-18123289,25,74,26,68,20,6,6,34
208-A-bug-18123271-18123289,25,74,9,68,3,6,6,35
208-A-bug-18260832-18260860,25,74,40,41,40,33,0,29
208-A-bug-18266864-18266892,25,81,51,31,1,50,50,43
208-A-bug-18351096-18351104,25,74,33,33,33,41,0,23
236-A-bug-18003726-18007529,25,91,65,39,38,52,27,66
236-A-bug-18003976-18004085,25,89,89,89,89,0,0,27
236-A-bug-18007495-18007529,25,89,89,89,89,0,0,28
236-A-bug-18227052-18227120,25,91,64,39,39,52,25,38
236-A-bug-18338107-18338153,25,91,62,37,37,54,25,55
245-B-bug-15450004-15450022,25,26,23,4,1,22,22,48
245-B-bug-15926715-15927032,25,26,25,4,3,22,22,43
276-B-bug-10441668-10441759,25,33,29,6,5,27,24,24
276-B-bug-13314488-13314500,25,33,28,6,1,27,27,40
276-B-bug-14833281-14833300,25,41,37,6,5,35,32,25
276-B-bug-15034096-15034124,25,46,41,6,1,40,40,40
276-B-bug-4820773-4820788,25,33,28,6,1,27,27,40
276-B-bug-5933556-5940552,25,41,36,6,1,35,35,40
276-B-bug-5933573-5940552,25,41,21,6,5,35,16,24
276-B-bug-6188908-6188949,25,41,37,6,5,35,32,24
281-A-bug-18132658-18132720,25,49,49,3,3,46,46,24
291-B-bug-3524194-3524237,25,21,10,21,10,0,0,7
291-B-bug-3537395-3537438,25,21,5,4,4,17,1,30
291-B-bug-3539893-3539896,25,23,4,4,4,19,0,24
291-B-bug-3726598-3726610,25,23,4,4,4,19,0,24
291-B-bug-6753127-6753143,25,31,4,2,2,29,2,30
316-A1-bug-3879223-3879239,25,35,27,4,2,31,25,30
316-A2-bug-3868271-3868327,25,27,18,17,10,10,8,30
316-A2-bug-3876995-3877003,25,36,26,4,4,32,22,37
31-B-bug-10514554-10514583,25,84,9,9,9,75,0,24
31-B-bug-10514570-10514583,25,96,40,7,6,89,34,30
31-B-bug-512114-512120,25,72,9,9,9,63,0,24
31-B-bug-512116-512120,25,68,40,40,40,28,0,24
353-D-bug-4926926-4926955,25,27,19,9,1,18,18,48
353-D-bug-6175754-6175760,25,24,20,6,2,18,18,49
363-C-bug-13754002-13754097,25,45,45,2,2,43,43,40
363-C-bug-5405641-5405684,25,31,25,9,3,22,22,37
385-B-bug-11063177-11063186,25,17,14,8,5,9,9,35
385-B-bug-17596493-17596993,25,17,16,3,2,14,14,50
385-B-bug-6898992-6898998,25,17,14,8,5,9,9,35
393-A-bug-10224824-10224841,25,77,47,3,3,74,44,26
393-A-bug-12975319-12975331,25,68,7,7,7,61,0,27
393-A-bug-13882866-13882981,25,62,42,21,1,41,41,180
393-A-bug-13915086-13915488,25,72,60,13,1,59,59,180
393-A-bug-13915169-13915488,25,102,99,6,3,96,96,119
393-A-bug-14052177-14052206,25,62,55,9,2,53,53,51
411-A-bug-14678684-14678713,25,143,80,5,5,138,75,37
411-A-bug-9661639-9661654,25,143,80,5,5,138,75,38
41-C-bug-10642948-10642983,25,56,36,21,1,35,35,42
41-C-bug-10642957-10642983,25,55,46,10,1,45,45,51
41-C-bug-10642972-10642983,25,55,52,4,1,51,51,48
41-C-bug-10643130-10643148,25,57,35,31,9,26,26,53
41-C-bug-16825894-16825911,25,57,37,21,1,36,36,54
41-C-bug-17904918-17904940,25,92,85,2,2,90,83,58
41-C-bug-17904924-17904940,25,56,36,21,1,35,35,37
41-C-bug-17917572-17917578,25,63,48,16,1,47,47,35
41-C-bug-187321-187384,25,56,36,21,1,35,35,59
41-C-bug-736212-736216,25,63,49,16,2,47,47,32
420-A-bug-13091991-13091997,25,79,67,23,16,56,51,24
420-A-bug-14171953-14171970,25,78,52,7,6,71,46,26
420-A-bug-14755133-14755144,25,129,129,5,5,124,124,24
420-A-bug-16671795-16671832,25,79,56,43,43,36,13,24
451-D-bug-7249921-7249950,25,19,8,17,6,2,2,27
505-A-bug-10101095-10101109,25,56,50,6,5,50,45,38
505-A-bug-10513326-10513335,25,43,30,17,16,26,14,31
538-A-bug-14000679-14000824,25,79,78,3,2,76,76,77
538-A-bug-16876247-16876282,25,102,102,2,2,100,100,65
550-A-bug-17839318-17839327,25,83,72,12,1,71,71,31
575-D-bug-12872706-12872745,25,3,3,3,3,0,0,24
58-A-bug-17762757-17762804,25,45,7,7,7,38,0,27
58-A-bug-18163826-18163845,25,42,17,17,17,25,0,24
58-A-bug-18231253-18231295,25,43,40,5,2,38,38,51
59-A-bug-17307162-17307176,25,34,34,34,34,0,0,25
59-A-bug-17706574-17706595,25,43,40,3,0,40,40,255
600-A-bug-18147663-18147679,25,37,36,3,2,34,34,25
600-A-bug-18147672-18147679,25,37,17,3,3,34,14,25
665-C-bug-17762752-17762802,25,21,21,4,4,17,17,24
677-C-bug-18192762-18193123,25,26,16,16,16,10,0,24
8-B-bug-17229415-17229625,25,69,57,15,5,54,52,60
8-B-bug-36489-36547,25,91,91,2,2,89,89,25
8-B-bug-37890-37891,25,82,75,8,1,74,74,44
8-B-bug-459037-459038,25,63,51,63,51,0,0,30
113-A-bug-683826-683913,26,356,304,53,3,303,301,58
113-A-bug-691902-691903,26,360,332,25,1,335,331,65
118-A-bug-18073097-18080639,26,57,53,15,11,42,42,26
118-A-bug-18103516-18103560,26,57,51,15,9,42,42,30
118-A-bug-18109879-18109907,26,57,49,15,7,42,42,30
118-A-bug-18134274-18134357,26,57,53,15,11,42,42,28
118-A-bug-18174609-18174835,26,57,53,15,11,42,42,28
118-A-bug-18174643-18174835,26,57,46,15,4,42,42,29
118-A-bug-18174652-18174835,26,57,49,15,7,42,42,31
118-A-bug-18174751-18174835,26,57,47,15,5,42,42,29
118-A-bug-18282023-18282195,26,57,51,15,9,42,42,29
118-A-bug-18294639-18294683,26,57,53,15,11,42,42,26
118-A-bug-18327752-18328450,26,57,48,11,2,46,46,27
123-A-bug-1869815-1869826,26,34,17,17,17,17,0,24
126-B-bug-16617781-16617816,26,48,41,8,1,40,40,34
126-B-bug-6462704-6462737,26,48,40,10,2,38,38,27
131-A-bug-18069181-18073244,26,61,10,10,10,51,0,29
131-A-bug-18178430-18178436,26,65,62,4,4,61,58,24
131-A-bug-18178468-18252378,26,62,13,10,10,52,3,23
131-A-bug-18296690-18296701,26,65,63,4,4,61,59,24
133-A-bug-17969403-17975791,26,88,81,13,7,75,74,25
133-A-bug-17993292-17993355,26,88,65,13,13,75,52,23
133-A-bug-18017249-18017267,26,88,77,13,7,75,70,24
133-A-bug-18047608-18047662,26,88,65,13,13,75,52,24
133-A-bug-18048780-18048793,26,87,59,32,8,55,51,28
133-A-bug-18066416-18066518,26,88,65,13,13,75,52,23
133-A-bug-18158271-18158334,26,88,65,13,13,75,52,24
133-A-bug-18158313-18158334,26,90,72,12,12,78,60,24
133-A-bug-18217634-18217677,26,88,78,13,3,75,75,29
133-A-bug-18285699-18285856,26,88,26,69,7,19,19,28
133-A-bug-18285725-18285856,26,88,65,13,13,75,52,24
133-A-bug-18286216-18286228,26,88,65,13,13,75,52,24
133-A-bug-18292018-18292024,26,88,80,13,6,75,74,28
133-A-bug-18296173-18296188,26,88,79,13,5,75,74,30
133-A-bug-18327759-18327824,26,88,79,13,5,75,74,29
133-A-bug-18348504-18348539,26,88,65,13,13,75,52,23
133-A-bug-18355672-18355701,26,88,65,13,13,75,52,24
133-C-bug-925626-925706,26,19,19,19,19,0,0,27
133-C-bug-927836-927839,26,19,19,8,8,11,11,8
137-A-bug-11590458-11590515,26,50,42,15,7,35,35,44
137-A-bug-8134102-8134128,26,50,43,9,2,41,41,47
147-A-bug-1015775-1015776,26,78,48,46,46,32,2,26
147-A-bug-1045602-1045611,26,79,46,45,44,34,2,30
147-A-bug-1045605-1045611,26,78,44,44,44,34,0,24
147-A-bug-12915557-12915622,26,74,40,38,38,36,2,25
174-B-bug-1501641-1501825,26,69,65,4,2,65,63,55
174-B-bug-1504776-1504783,26,90,85,6,1,84,84,68
180-C-bug-15764515-15764561,26,20,12,6,6,14,6,29
197-C-bug-11986074-11986110,26,23,23,23,23,0,0,27
197-C-bug-2103086-2103090,26,23,23,6,6,17,17,27
202-A-bug-1864388-1905671,26,59,39,29,27,30,12,26
202-A-bug-1938570-1938571,26,59,59,59,59,0,0,25
208-A-bug-17292049-17292076,26,73,41,41,41,32,0,26
208-A-bug-17532993-17533015,26,73,58,59,58,14,0,29
208-A-bug-17922157-17922172,26,25,15,15,15,10,0,25
208-A-bug-18102368-18102377,26,62,62,62,62,0,0,26
208-A-bug-18110250-18110255,26,74,13,68,7,6,6,37
208-A-bug-18123271-18123289,26,74,14,68,8,6,6,42
208-A-bug-18351096-18351104,26,74,33,33,32,41,1,29
236-A-bug-18003726-18007529,26,91,64,39,39,52,25,72
236-A-bug-18003976-18004085,26,89,89,89,89,0,0,25
236-A-bug-18007495-18007529,26,89,88,89,88,0,0,28
236-A-bug-18227052-18227120,26,91,65,39,38,52,27,51
236-A-bug-18338107-18338153,26,91,54,37,13,54,41,54
245-B-bug-15450004-15450022,26,26,25,4,3,22,22,43
245-B-bug-15926715-15927032,26,26,19,4,3,22,16,43
276-B-bug-10441668-10441759,26,33,28,6,1,27,27,40
276-B-bug-13314488-13314500,26,33,29,6,5,27,24,25
276-B-bug-14833281-14833300,26,41,31,6,5,35,26,25
276-B-bug-4820773-4820788,26,33,29,6,5,27,24,25
276-B-bug-5933556-5940552,26,41,36,6,1,35,35,40
276-B-bug-5933573-5940552,26,41,37,6,5,35,32,24
281-A-bug-18132658-18132720,26,49,49,3,3,46,46,23
291-B-bug-3524194-3524237,26,21,5,21,5,0,0,9
291-B-bug-3537395-3537438,26,21,5,4,4,17,1,35
291-B-bug-3539893-3539896,26,23,4,4,4,19,0,24
291-B-bug-3726598-3726610,26,23,4,4,4,19,0,24
291-B-bug-6753127-6753143,26,31,4,2,2,29,2,30
316-A1-bug-3879223-3879239,26,35,12,4,4,31,8,30
316-A2-bug-3868271-3868327,26,27,18,17,10,10,8,30
316-A2-bug-3876995-3877003,26,36,26,4,4,32,22,37
31-B-bug-10514546-10514583,26,84,9,9,9,75,0,24
31-B-bug-10514554-10514583,26,84,15,9,9,75,6,24
31-B-bug-10514570-10514583,26,96,40,7,6,89,34,30
31-B-bug-136044-136045,26,68,31,48,11,20,20,26
31-B-bug-14199570-14199578,26,74,9,9,9,65,0,24
31-B-bug-14288247-14288278,26,74,9,9,9,65,0,24
31-B-bug-512114-512120,26,72,15,9,9,63,6,24
31-B-bug-512116-512120,26,68,40,40,40,28,0,23
353-D-bug-4926926-4926955,26,27,18,9,1,18,17,52
353-D-bug-6175754-6175760,26,24,20,6,2,18,18,49
363-C-bug-13754002-13754097,26,45,45,2,2,43,43,40
385-B-bug-11063177-11063186,26,17,12,8,3,9,9,38
385-B-bug-17596493-17596993,26,17,16,3,2,14,14,50
385-B-bug-6898992-6898998,26,17,14,8,5,9,9,35
393-A-bug-10224824-10224841,26,77,47,3,3,74,44,26
393-A-bug-12975319-12975331,26,68,7,7,7,61,0,27
393-A-bug-13882866-13882981,26,62,42,21,1,41,41,206
393-A-bug-13915086-13915488,26,72,61,13,2,59,59,223
393-A-bug-13915169-13915488,26,102,99,6,3,96,96,119
393-A-bug-14052177-14052206,26,62,47,9,1,53,46,85
411-A-bug-14678684-14678713,26,143,80,5,5,138,75,38
411-A-bug-9661639-9661654,26,143,80,5,5,138,75,38
41-C-bug-10642948-10642983,26,56,36,21,1,35,35,37
41-C-bug-10642957-10642983,26,55,46,10,1,45,45,48
41-C-bug-10642972-10642983,26,55,52,4,1,51,51,51
41-C-bug-10643130-10643148,26,57,27,31,1,26,26,62
41-C-bug-16825894-16825911,26,57,38,21,2,36,36,45
41-C-bug-17904918-17904940,26,92,85,2,2,90,83,58
41-C-bug-17904924-17904940,26,56,36,21,2,35,34,45
41-C-bug-17917572-17917578,26,63,47,16,1,47,46,35
41-C-bug-187321-187384,26,56,38,21,3,35,35,40
41-C-bug-736212-736216,26,63,49,16,2,47,47,30
420-A-bug-13091991-13091997,26,79,64,23,16,56,48,24
420-A-bug-14171953-14171970,26,78,74,7,4,71,70,26
420-A-bug-14755133-14755144,26,129,129,5,5,124,124,24
420-A-bug-16671795-16671832,26,79,49,43,43,36,6,24
451-D-bug-7249921-7249950,26,19,19,17,17,2,2,26
505-A-bug-10101095-10101109,26,56,50,6,5,50,45,34
505-A-bug-10513326-10513335,26,43,30,17,16,26,14,31
538-A-bug-14000679-14000824,26,79,77,3,1,76,76,53
538-A-bug-16876247-16876282,26,102,102,2,2,100,100,65
550-A-bug-17839318-17839327,26,83,79,12,9,71,70,36
575-D-bug-12872706-12872745,26,3,3,3,3,0,0,24
58-A-bug-17762757-17762804,26,45,7,7,7,38,0,27
58-A-bug-18163826-18163845,26,42,13,17,9,25,4,25
58-A-bug-18231253-18231295,26,43,40,5,2,38,38,51
59-A-bug-17307162-17307176,26,34,34,34,34,0,0,24
59-A-bug-17706574-17706595,26,43,40,3,0,40,40,259
600-A-bug-18147663-18147679,26,37,34,3,1,34,33,26
600-A-bug-18147672-18147679,26,37,34,3,1,34,33,26
665-C-bug-17762752-17762802,26,21,21,4,4,17,17,24
677-C-bug-18192762-18193123,26,26,16,16,16,10,0,24
677-C-bug-18206311-18206325,26,21,17,17,17,4,0,23
8-B-bug-17229415-17229625,26,69,56,15,2,54,54,30
8-B-bug-36489-36547,26,91,91,2,2,89,89,25
8-B-bug-37890-37891,26,82,75,8,1,74,74,64
8-B-bug-459037-459038,26,63,55,63,55,0,0,25
113-A-bug-683826-683913,27,356,302,53,1,303,301,58
113-A-bug-691902-691903,27,360,337,25,2,335,335,98
118-A-bug-18073097-18080639,27,57,46,15,4,42,42,29
118-A-bug-18103516-18103560,27,57,53,15,11,42,42,26
118-A-bug-18109879-18109907,27,57,53,15,11,42,42,26
118-A-bug-18134274-18134357,27,57,51,15,9,42,42,23
118-A-bug-18144017-18166218,27,75,72,4,1,71,71,260
118-A-bug-18174609-18174835,27,57,53,15,11,42,42,29
118-A-bug-18174643-18174835,27,57,49,15,7,42,42,31
118-A-bug-18174652-18174835,27,57,53,15,11,42,42,25
118-A-bug-18174751-18174835,27,57,53,15,11,42,42,28
118-A-bug-18282023-18282195,27,57,47,15,5,42,42,29
118-A-bug-18294639-18294683,27,57,51,15,9,42,42,23
118-A-bug-18327752-18328450,27,57,57,11,11,46,46,25
123-A-bug-1869815-1869826,27,34,29,17,14,17,15,27
126-B-bug-16617781-16617816,27,48,41,8,1,40,40,46
126-B-bug-6462704-6462737,27,48,40,10,2,38,38,27
131-A-bug-18069181-18073244,27,61,10,10,10,51,0,29
131-A-bug-18178430-18178436,27,65,62,4,4,61,58,24
131-A-bug-18178468-18252378,27,62,16,10,10,52,6,23
131-A-bug-18296690-18296701,27,65,62,4,4,61,58,24
133-A-bug-17969403-17975791,27,88,65,13,13,75,52,23
133-A-bug-17992884-17992958,27,88,65,13,13,75,52,24
133-A-bug-17993292-17993355,27,88,77,13,7,75,70,23
133-A-bug-18047608-18047662,27,88,65,13,13,75,52,24
133-A-bug-18048780-18048793,27,87,35,32,32,55,3,25
133-A-bug-18066416-18066518,27,88,80,13,6,75,74,28
133-A-bug-18158271-18158334,27,88,78,13,3,75,75,29
133-A-bug-18158313-18158334,27,90,72,12,12,78,60,24
133-A-bug-18285631-18285709,27,88,65,13,13,75,52,23
133-A-bug-18285699-18285856,27,88,54,69,35,19,19,24
133-A-bug-18285725-18285856,27,88,65,13,13,75,52,24
133-A-bug-18286216-18286228,27,88,79,13,5,75,74,30
133-A-bug-18292018-18292024,27,88,80,13,6,75,74,28
133-A-bug-18296173-18296188,27,88,65,13,13,75,52,24
133-A-bug-18327759-18327824,27,88,79,13,5,75,74,29
133-A-bug-18348504-18348539,27,88,80,13,6,75,74,28
133-A-bug-18355672-18355701,27,88,65,13,13,75,52,23
133-C-bug-925626-925706,27,19,19,19,19,0,0,28
133-C-bug-927836-927839,27,19,19,8,8,11,11,5
137-A-bug-11590458-11590515,27,50,38,15,3,35,35,35
137-A-bug-8134102-8134128,27,50,42,9,7,41,35,29
147-A-bug-1015775-1015776,27,78,49,46,17,32,32,24
147-A-bug-1045602-1045611,27,79,61,45,31,34,30,27
147-A-bug-12915557-12915622,27,74,45,38,22,36,23,25
174-B-bug-1501641-1501825,27,69,65,4,2,65,63,55
180-C-bug-15764515-15764561,27,20,12,6,6,14,6,29
197-C-bug-11986074-11986110,27,23,23,23,23,0,0,27
197-C-bug-2103086-2103090,27,23,10,6,5,17,5,29
202-A-bug-1864388-1905671,27,59,39,29,28,30,11,32
202-A-bug-1938570-1938571,27,59,59,59,59,0,0,25
208-A-bug-17532993-17533015,27,73,57,59,57,14,0,28
208-A-bug-17922157-17922172,27,25,15,15,15,10,0,25
208-A-bug-18110250-18110255,27,74,11,68,5,6,6,41
208-A-bug-18123262-18123289,27,74,14,68,8,6,6,42
208-A-bug-18260832-18260860,27,74,41,41,41,33,0,23
208-A-bug-18351096-18351104,27,74,33,33,33,41,0,26
236-A-bug-18003726-18007529,27,91,55,39,14,52,41,80
236-A-bug-18003976-18004085,27,89,89,89,89,0,0,25
236-A-bug-18007495-18007529,27,89,89,89,89,0,0,28
236-A-bug-18227052-18227120,27,91,53,39,14,52,39,52
236-A-bug-18338107-18338153,27,91,61,37,35,54,26,56
245-B-bug-15450004-15450022,27,26,18,4,2,22,16,46
245-B-bug-15926715-15927032,27,26,18,4,2,22,16,46
276-B-bug-10441668-10441759,27,33,28,6,1,27,27,25
276-B-bug-13314488-13314500,27,33,29,6,5,27,24,24
276-B-bug-14833281-14833300,27,41,21,6,5,35,16,24
276-B-bug-15034096-15034124,27,46,41,6,1,40,40,25
276-B-bug-16707425-16707470,27,35,25,11,2,24,23,43
276-B-bug-5933556-5940552,27,41,37,6,5,35,32,24
276-B-bug-5933573-5940552,27,41,37,6,5,35,32,25
276-B-bug-6188908-6188949,27,41,37,6,5,35,32,24
281-A-bug-18132658-18132720,27,49,49,3,3,46,46,24
281-A-bug-18294879-18294887,27,28,28,28,28,0,0,25
291-B-bug-3524194-3524237,27,21,18,21,18,0,0,4
291-B-bug-3537395-3537438,27,21,6,4,4,17,2,34
291-B-bug-3539893-3539896,27,23,4,4,4,19,0,24
291-B-bug-3726598-3726610,27,23,4,4,4,19,0,24
291-B-bug-6753127-6753143,27,31,4,2,2,29,2,30
316-A1-bug-3879223-3879239,27,35,12,4,4,31,8,33
316-A2-bug-3868271-3868327,27,27,17,17,17,10,0,24
316-A2-bug-3876995-3877003,27,36,24,4,4,32,20,37
31-B-bug-10514546-10514583,27,84,9,9,9,75,0,24
31-B-bug-10514554-10514583,27,84,36,9,9,75,27,25
31-B-bug-14199570-14199578,27,74,30,9,9,65,21,25
31-B-bug-14288247-14288278,27,74,10,9,9,65,1,31
31-B-bug-512116-512120,27,68,40,40,40,28,0,24
31-B-bug-6435804-6435825,27,90,72,5,4,85,68,26
353-D-bug-4926926-4926955,27,27,19,9,1,18,18,48
353-D-bug-6175754-6175760,27,24,21,6,3,18,18,54
363-C-bug-13754002-13754097,27,45,45,2,2,43,43,40
363-C-bug-5405641-5405684,27,31,25,9,3,22,22,36
385-B-bug-11063177-11063186,27,17,11,8,2,9,9,48
385-B-bug-17596493-17596993,27,17,16,3,2,14,14,50
385-B-bug-6898992-6898998,27,17,14,8,5,9,9,35
385-B-bug-9215199-9215223,27,17,5,10,3,7,2,35
393-A-bug-10224824-10224841,27,77,49,3,3,74,46,26
393-A-bug-12975319-12975331,27,68,25,7,5,61,20,29
393-A-bug-13882866-13882981,27,62,42,21,1,41,41,271
393-A-bug-13915086-13915488,27,72,60,13,1,59,59,356
393-A-bug-13915169-13915488,27,102,97,6,1,96,96,114
393-A-bug-14052177-14052206,27,62,55,9,2,53,53,51
411-A-bug-14678684-14678713,27,143,80,5,5,138,75,41
411-A-bug-9661639-9661654,27,143,80,5,5,138,75,38
41-C-bug-10642948-10642983,27,56,36,21,1,35,35,50
41-C-bug-10642957-10642983,27,55,46,10,1,45,45,51
41-C-bug-10642972-10642983,27,55,53,4,2,51,51,47
41-C-bug-10643130-10643148,27,57,30,31,4,26,26,63
41-C-bug-16825894-16825911,27,57,37,21,1,36,36,41
41-C-bug-17904918-17904940,27,92,85,2,2,90,83,58
41-C-bug-17904924-17904940,27,56,37,21,2,35,35,45
41-C-bug-17917572-17917578,27,63,52,16,5,47,47,34
41-C-bug-187321-187384,27,56,35,21,1,35,34,51
41-C-bug-736212-736216,27,63,51,16,4,47,47,32
420-A-bug-13091991-13091997,27,79,54,23,16,56,38,24
420-A-bug-14171953-14171970,27,78,74,7,4,71,70,26
420-A-bug-14755133-14755144,27,129,129,5,5,124,124,24
420-A-bug-16671795-16671832,27,79,51,43,31,36,20,25
505-A-bug-10101095-10101109,27,56,50,6,5,50,45,34
505-A-bug-10513326-10513335,27,43,30,17,16,26,14,30
538-A-bug-14000679-14000824,27,79,78,3,2,76,76,77
538-A-bug-16876247-16876282,27,102,102,2,2,100,100,65
550-A-bug-17839318-17839327,27,83,79,12,9,71,70,43
575-D-bug-12872706-12872745,27,3,3,3,3,0,0,29
58-A-bug-17762757-17762804,27,45,7,7,7,38,0,26
58-A-bug-18163826-18163845,27,42,18,17,17,25,1,26
58-A-bug-18231253-18231295,27,43,40,5,2,38,38,41
59-A-bug-17307162-17307176,27,34,34,34,34,0,0,24
59-A-bug-17706574-17706595,27,43,40,3,0,40,40,261
600-A-bug-18147663-18147679,27,37,17,3,3,34,14,25
600-A-bug-18147672-18147679,27,37,35,3,1,34,34,26
665-C-bug-17762752-17762802,27,21,21,4,4,17,17,24
677-C-bug-18192762-18193123,27,26,16,16,16,10,0,24
677-C-bug-18262604-18262617,27,21,16,16,16,5,0,29
8-B-bug-17229415-17229625,27,69,59,15,7,54,52,81
8-B-bug-36489-36547,27,91,91,2,2,89,89,25
8-B-bug-37890-37891,27,82,76,8,2,74,74,30
8-B-bug-459037-459038,27,63,63,63,63,0,0,23
113-A-bug-683826-683913,28,356,302,53,1,303,301,64
113-A-bug-691902-691903,28,360,336,25,4,335,332,68
118-A-bug-18073097-18080639,28,57,53,15,11,42,42,26
118-A-bug-18103516-18103560,28,57,53,15,11,42,42,29
118-A-bug-18109879-18109907,28,57,51,15,9,42,42,23
118-A-bug-18134274-18134357,28,57,51,15,9,42,42,30
118-A-bug-18144017-18166218,28,75,73,4,2,71,71,264
118-A-bug-18174609-18174835,28,57,47,15,5,42,42,29
118-A-bug-18174643-18174835,28,57,47,15,5,42,42,29
118-A-bug-18174652-18174835,28,57,53,15,11,42,42,29
118-A-bug-18174751-18174835,28,57,49,15,7,42,42,30
118-A-bug-18282023-18282195,28,57,53,15,11,42,42,26
118-A-bug-18294639-18294683,28,57,53,15,11,42,42,28
118-A-bug-18327752-18328450,28,57,48,11,2,46,46,27
124-C-bug-5745829-5746012,28,62,58,8,4,54,54,27
126-B-bug-16617781-16617816,28,48,41,8,1,40,40,36
126-B-bug-6462704-6462737,28,48,39,10,1,38,38,49
131-A-bug-18069181-18073244,28,61,23,10,7,51,16,26
131-A-bug-18178430-18178436,28,65,62,4,4,61,58,24
131-A-bug-18178468-18252378,28,62,10,10,10,52,0,23
131-A-bug-18296690-18296701,28,65,62,4,4,61,58,24
133-A-bug-17969403-17975791,28,88,81,13,7,75,74,27
133-A-bug-17992884-17992958,28,88,65,13,13,75,52,25
133-A-bug-17993292-17993355,28,88,79,13,5,75,74,29
133-A-bug-18017249-18017267,28,88,65,13,13,75,52,23
133-A-bug-18047608-18047662,28,88,65,13,13,75,52,25
133-A-bug-18048780-18048793,28,87,51,32,27,55,24,24
133-A-bug-18066416-18066518,28,88,65,13,13,75,52,24
133-A-bug-18158271-18158334,28,88,65,13,13,75,52,23
133-A-bug-18217634-18217677,28,88,79,13,4,75,75,28
133-A-bug-18285631-18285709,28,88,79,13,5,75,74,30
133-A-bug-18285725-18285856,28,88,79,13,5,75,74,30
133-A-bug-18286216-18286228,28,88,80,13,5,75,75,27
133-A-bug-18296173-18296188,28,88,80,13,6,75,74,28
133-A-bug-18355672-18355701,28,88,80,13,6,75,74,28
133-C-bug-927836-927839,28,19,19,8,8,11,11,8
137-A-bug-11590458-11590515,28,50,42,15,9,35,33,36
137-A-bug-8134102-8134128,28,50,42,9,7,41,35,29
147-A-bug-1015775-1015776,28,78,46,46,46,32,0,28
147-A-bug-1045602-1045611,28,79,61,45,31,34,30,27
147-A-bug-1045605-1045611,28,78,47,44,44,34,3,31
147-A-bug-12915557-12915622,28,74,38,38,38,36,0,24
174-B-bug-1501641-1501825,28,69,66,4,1,65,65,66
174-B-bug-1504776-1504783,28,90,85,6,1,84,84,68
180-C-bug-15764515-15764561,28,20,11,6,6,14,5,24
197-C-bug-11986074-11986110,28,23,12,23,12,0,0,25
197-C-bug-2103086-2103090,28,23,10,6,5,17,5,29
202-A-bug-1864388-1905671,28,59,39,29,28,30,11,32
202-A-bug-1938570-1938571,28,59,31,59,31,0,0,25
208-A-bug-17292049-17292076,28,73,42,41,35,32,7,28
208-A-bug-17922157-17922172,28,25,15,15,15,10,0,25
208-A-bug-18102368-18102377,28,62,62,62,62,0,0,26
208-A-bug-18110250-18110255,28,74,11,68,5,6,6,34
208-A-bug-18123262-18123289,28,74,10,68,4,6,6,33
208-A-bug-18123271-18123289,28,74,69,68,63,6,6,46
208-A-bug-18266864-18266892,28,81,47,31,29,50,18,36
208-A-bug-18351096-18351104,28,74,31,33,31,41,0,28
236-A-bug-18003726-18007529,28,91,64,39,38,52,26,63
236-A-bug-18003976-18004085,28,89,89,89,89,0,0,25
236-A-bug-18007495-18007529,28,89,89,89,89,0,0,26
236-A-bug-18227052-18227120,28,91,53,39,1,52,52,31
236-A-bug-18338107-18338153,28,91,62,37,37,54,25,60
245-B-bug-15450004-15450022,28,26,24,4,2,22,22,46
245-B-bug-15926715-15927032,28,26,20,4,2,22,18,46
276-B-bug-10441668-10441759,28,33,28,6,1,27,27,25
276-B-bug-13314488-13314500,28,33,29,6,5,27,24,24
276-B-bug-14833281-14833300,28,41,37,6,5,35,32,25
276-B-bug-16707425-16707470,28,35,25,11,2,24,23,43
276-B-bug-5933556-5940552,28,41,37,6,5,35,32,25
276-B-bug-5933573-5940552,28,41,37,6,5,35,32,25
276-B-bug-6188908-6188949,28,41,36,6,1,35,35,25
281-A-bug-18132658-18132720,28,49,49,3,3,46,46,24
291-B-bug-3524194-3524237,28,21,5,21,5,0,0,9
291-B-bug-3537395-3537438,28,21,5,4,4,17,1,30
291-B-bug-3539893-3539896,28,23,4,4,4,19,0,24
291-B-bug-3726598-3726610,28,23,4,4,4,19,0,24
291-B-bug-6753127-6753143,28,31,5,2,2,29,3,30
316-A1-bug-3879223-3879239,28,35,12,4,4,31,8,33
316-A2-bug-3868271-3868327,28,27,18,17,10,10,8,30
316-A2-bug-3876995-3877003,28,36,26,4,4,32,22,37
31-B-bug-10514546-10514583,28,84,9,9,9,75,0,24
31-B-bug-10514554-10514583,28,84,9,9,9,75,0,24
31-B-bug-10514570-10514583,28,96,40,7,6,89,34,32
31-B-bug-14288247-14288278,28,74,14,9,8,65,6,29
31-B-bug-512114-512120,28,72,10,9,9,63,1,31
31-B-bug-512116-512120,28,68,40,40,40,28,0,24
31-B-bug-6435804-6435825,28,90,72,5,4,85,68,28
353-D-bug-4926926-4926955,28,27,20,9,2,18,18,43
353-D-bug-6175754-6175760,28,24,19,6,1,18,18,57
363-C-bug-13754002-13754097,28,45,45,2,2,43,43,40
363-C-bug-5405641-5405684,28,31,25,9,3,22,22,45
385-B-bug-11063177-11063186,28,17,14,8,5,9,9,35
385-B-bug-17596493-17596993,28,17,16,3,2,14,14,50
385-B-bug-6898992-6898998,28,17,14,8,5,9,9,35
393-A-bug-10224824-10224841,28,77,4,3,3,74,1,27
393-A-bug-12975319-12975331,28,68,7,7,7,61,0,23
393-A-bug-13882866-13882981,28,62,46,21,5,41,41,65
393-A-bug-13915086-13915488,28,72,60,13,1,59,59,92
393-A-bug-13915169-13915488,28,102,99,6,3,96,96,105
393-A-bug-14052177-14052206,28,62,55,9,2,53,53,51
411-A-bug-14678684-14678713,28,143,80,5,5,138,75,38
411-A-bug-9661639-9661654,28,143,80,5,5,138,75,38
41-C-bug-10642948-10642983,28,56,36,21,1,35,35,38
41-C-bug-10642957-10642983,28,55,46,10,1,45,45,48
41-C-bug-10642972-10642983,28,55,52,4,1,51,51,51
41-C-bug-10643130-10643148,28,57,30,31,4,26,26,45
41-C-bug-16825894-16825911,28,57,37,21,1,36,36,38
41-C-bug-17904918-17904940,28,92,85,2,2,90,83,57
41-C-bug-17904924-17904940,28,56,35,21,1,35,34,51
41-C-bug-17917572-17917578,28,63,51,16,4,47,47,34
41-C-bug-187321-187384,28,56,36,21,1,35,35,37
41-C-bug-736212-736216,28,63,49,16,2,47,47,30
420-A-bug-13091991-13091997,28,79,62,23,16,56,46,24
420-A-bug-14171953-14171970,28,78,74,7,3,71,71,26
420-A-bug-14755133-14755144,28,129,129,5,5,124,124,24
420-A-bug-16671795-16671832,28,79,44,43,43,36,1,24
451-D-bug-7249921-7249950,28,19,19,17,17,2,2,24
505-A-bug-10101095-10101109,28,56,50,6,5,50,45,38
505-A-bug-10513326-10513335,28,43,34,17,16,26,18,33
538-A-bug-14000679-14000824,28,79,78,3,2,76,76,77
538-A-bug-16876247-16876282,28,102,102,2,2,100,100,65
550-A-bug-17839318-17839327,28,83,79,12,9,71,70,43
575-D-bug-12872706-12872745,28,3,3,3,3,0,0,24
58-A-bug-17762757-17762804,28,45,7,7,7,38,0,24
58-A-bug-18163826-18163845,28,42,17,17,17,25,0,27
58-A-bug-18231253-18231295,28,43,41,5,3,38,38,61
59-A-bug-17307162-17307176,28,34,34,34,34,0,0,29
59-A-bug-17706574-17706595,28,43,37,3,0,40,37,263
600-A-bug-18147663-18147679,28,37,35,3,1,34,34,26
600-A-bug-18147672-18147679,28,37,34,3,1,34,33,26
665-C-bug-17762752-17762802,28,21,21,4,4,17,17,24
677-C-bug-18262604-18262617,28,21,16,16,16,5,0,24
8-B-bug-17229415-17229625,28,69,57,15,5,54,52,64
8-B-bug-36489-36547,28,91,91,2,2,89,89,25
8-B-bug-37890-37891,28,82,75,8,1,74,74,68
8-B-bug-459037-459038,28,63,58,63,58,0,0,26
113-A-bug-683826-683913,29,356,304,53,2,303,302,86
113-A-bug-691902-691903,29,360,338,25,4,335,334,89
118-A-bug-18073097-18080639,29,57,53,15,11,42,42,25
118-A-bug-18103516-18103560,29,57,51,15,9,42,42,29
118-A-bug-18109879-18109907,29,57,46,15,4,42,42,30
118-A-bug-18134274-18134357,29,57,49,15,7,42,42,31
118-A-bug-18174609-18174835,29,57,47,15,5,42,42,29
118-A-bug-18174643-18174835,29,57,51,15,9,42,42,23
118-A-bug-18174652-18174835,29,57,53,15,11,42,42,28
118-A-bug-18174751-18174835,29,57,51,15,9,42,42,29
118-A-bug-18282023-18282195,29,57,47,15,5,42,42,29
118-A-bug-18294639-18294683,29,57,51,15,9,42,42,32
118-A-bug-18327752-18328450,29,57,57,11,11,46,46,25
126-B-bug-16617781-16617816,29,48,41,8,1,40,40,46
126-B-bug-6462704-6462737,29,48,39,10,1,38,38,34
131-A-bug-18069181-18073244,29,61,20,10,10,51,10,29
131-A-bug-18178430-18178436,29,65,62,4,4,61,58,24
131-A-bug-18178468-18252378,29,62,53,10,4,52,49,24
131-A-bug-18296690-18296701,29,65,62,4,4,61,58,24
133-A-bug-17969403-17975791,29,88,65,13,13,75,52,23
133-A-bug-17992884-17992958,29,88,65,13,13,75,52,24
133-A-bug-17993292-17993355,29,88,65,13,13,75,52,24
133-A-bug-18017249-18017267,29,88,65,13,13,75,52,24
133-A-bug-18047608-18047662,29,88,80,13,6,75,74,28
133-A-bug-18048780-18048793,29,87,33,32,32,55,1,25
133-A-bug-18066416-18066518,29,88,65,13,13,75,52,24
133-A-bug-18158271-18158334,29,88,78,13,3,75,75,29
133-A-bug-18217634-18217677,29,88,65,13,13,75,52,25
133-A-bug-18285631-18285709,29,88,79,13,5,75,74,29
133-A-bug-18285699-18285856,29,88,54,69,35,19,19,28
133-A-bug-18285725-18285856,29,88,65,13,13,75,52,25
133-A-bug-18286216-18286228,29,88,81,13,7,75,74,25
133-A-bug-18296173-18296188,29,88,79,13,5,75,74,30
133-A-bug-18327759-18327824,29,88,65,13,13,75,52,23
133-A-bug-18348504-18348539,29,88,65,13,13,75,52,24
133-A-bug-18355672-18355701,29,88,65,13,13,75,52,24
133-C-bug-927836-927839,29,19,19,8,8,11,11,8
137-A-bug-11590458-11590515,29,50,46,15,11,35,35,42
137-A-bug-8134102-8134128,29,50,37,9,9,41,28,28
147-A-bug-1015775-1015776,29,78,48,46,46,32,2,25
147-A-bug-1045602-1045611,29,79,61,45,31,34,30,24
147-A-bug-1045605-1045611,29,78,44,44,44,34,0,28
147-A-bug-12915557-12915622,29,74,40,38,38,36,2,29
174-B-bug-1501641-1501825,29,69,65,4,2,65,63,55
174-B-bug-1504776-1504783,29,90,85,6,1,84,84,49
180-C-bug-15764515-15764561,29,20,6,6,6,14,0,24
197-C-bug-11986074-11986110,29,23,23,23,23,0,0,24
197-C-bug-2103086-2103090,29,23,21,6,4,17,17,26
202-A-bug-1864388-1905671,29,59,40,29,28,30,12,26
202-A-bug-1938570-1938571,29,59,59,59,59,0,0,25
208-A-bug-17532993-17533015,29,73,57,59,57,14,0,29
208-A-bug-17922157-17922172,29,25,15,15,15,10,0,23
208-A-bug-18102368-18102377,29,62,62,62,62,0,0,23
208-A-bug-18260832-18260860,29,74,41,41,41,33,0,29
236-A-bug-18003726-18007529,29,91,65,39,38,52,27,66
236-A-bug-18003976-18004085,29,89,89,89,89,0,0,29
236-A-bug-18007495-18007529,29,89,89,89,89,0,0,27
236-A-bug-18227052-18227120,29,91,64,39,38,52,26,59
236-A-bug-18338107-18338153,29,91,54,37,13,54,41,54
245-B-bug-15450004-15450022,29,26,23,4,1,22,22,48
245-B-bug-15926715-15927032,29,26,18,4,2,22,16,46
276-B-bug-10441668-10441759,29,33,29,6,5,27,24,24
276-B-bug-13314488-13314500,29,33,28,6,1,27,27,40
276-B-bug-14833281-14833300,29,41,37,6,5,35,32,24
276-B-bug-15034096-15034124,29,46,40,6,5,40,35,25
276-B-bug-16707425-16707470,29,35,27,11,4,24,23,40
276-B-bug-4820773-4820788,29,33,28,6,1,27,27,25
276-B-bug-5933556-5940552,29,41,36,6,1,35,35,40
276-B-bug-5933573-5940552,29,41,37,6,5,35,32,24
276-B-bug-6188908-6188949,29,41,36,6,1,35,35,25
281-A-bug-18132658-18132720,29,49,49,3,3,46,46,24
281-A-bug-18294879-18294887,29,28,28,28,28,0,0,24
291-B-bug-3524194-3524237,29,21,10,21,10,0,0,7
291-B-bug-3537395-3537438,29,21,4,4,4,17,0,35
291-B-bug-3539893-3539896,29,23,4,4,4,19,0,24
291-B-bug-3726598-3726610,29,23,4,4,4,19,0,24
291-B-bug-6753127-6753143,29,31,4,2,2,29,2,30
316-A1-bug-3879223-3879239,29,35,12,4,4,31,8,33
316-A2-bug-3868271-3868327,29,27,19,17,11,10,8,27
316-A2-bug-3876995-3877003,29,36,24,4,4,32,20,37
31-B-bug-10514546-10514583,29,84,9,9,9,75,0,24
31-B-bug-10514554-10514583,29,84,9,9,9,75,0,24
31-B-bug-10514570-10514583,29,96,40,7,6,89,34,30
31-B-bug-136044-136045,29,68,33,48,13,20,20,25
31-B-bug-14288247-14288278,29,74,9,9,9,65,0,24
31-B-bug-512114-512120,29,72,10,9,9,63,1,31
31-B-bug-6435804-6435825,29,90,72,5,4,85,68,27
353-D-bug-4926926-4926955,29,27,19,9,1,18,18,32
353-D-bug-6175754-6175760,29,24,19,6,1,18,18,58
363-C-bug-13754002-13754097,29,45,45,2,2,43,43,40
385-B-bug-11063177-11063186,29,17,11,8,2,9,9,50
385-B-bug-17596493-17596993,29,17,16,3,2,14,14,50
385-B-bug-6898992-6898998,29,17,11,8,2,9,9,50
393-A-bug-10224824-10224841,29,77,49,3,3,74,46,26
393-A-bug-12975319-12975331,29,68,43,7,7,61,36,26
393-A-bug-13882866-13882981,29,62,42,21,1,41,41,265
393-A-bug-13915086-13915488,29,72,60,13,1,59,59,122
393-A-bug-13915169-13915488,29,102,97,6,1,96,96,54
393-A-bug-14052177-14052206,29,62,54,9,2,53,52,74
411-A-bug-14678684-14678713,29,143,80,5,5,138,75,41
411-A-bug-9661639-9661654,29,143,80,5,5,138,75,38
41-C-bug-10642948-10642983,29,56,35,21,1,35,34,51
41-C-bug-10642957-10642983,29,55,44,10,2,45,42,48
41-C-bug-10642972-10642983,29,55,52,4,1,51,51,51
41-C-bug-10643130-10643148,29,57,31,31,5,26,26,46
41-C-bug-16825894-16825911,29,57,37,21,1,36,36,38
41-C-bug-17904918-17904940,29,92,85,2,2,90,83,58
41-C-bug-17904924-17904940,29,56,36,21,1,35,35,41
41-C-bug-17917572-17917578,29,63,41,16,1,47,40,35
41-C-bug-187321-187384,29,56,36,21,1,35,35,42
41-C-bug-736212-736216,29,63,53,16,6,47,47,32
420-A-bug-13091991-13091997,29,79,63,23,16,56,47,24
420-A-bug-14171953-14171970,29,78,74,7,4,71,70,26
420-A-bug-14755133-14755144,29,129,129,5,5,124,124,25
420-A-bug-16671795-16671832,29,79,53,43,43,36,10,24
451-D-bug-7249921-7249950,29,19,8,17,6,2,2,25
505-A-bug-10101095-10101109,29,56,50,6,5,50,45,38
505-A-bug-10513326-10513335,29,43,30,17,16,26,14,31
538-A-bug-14000679-14000824,29,79,78,3,2,76,76,77
538-A-bug-16876247-16876282,29,102,102,2,2,100,100,65
550-A-bug-17839318-17839327,29,83,72,12,1,71,71,31
575-D-bug-12872706-12872745,29,3,3,3,3,0,0,29
58-A-bug-17762757-17762804,29,45,7,7,7,38,0,24
58-A-bug-18163826-18163845,29,42,17,17,17,25,0,29
58-A-bug-18231253-18231295,29,43,40,5,2,38,38,51
59-A-bug-17307162-17307176,29,34,34,34,34,0,0,29
600-A-bug-18147663-18147679,29,37,35,3,1,34,34,26
600-A-bug-18147672-18147679,29,37,35,3,1,34,34,26
665-C-bug-17762752-17762802,29,21,21,4,4,17,17,24
677-C-bug-18192762-18193123,29,26,16,16,16,10,0,24
677-C-bug-18281182-18281188,29,21,21,6,6,15,15,31
8-B-bug-17229415-17229625,29,69,56,15,3,54,53,30
8-B-bug-36489-36547,29,91,91,2,2,89,89,25
8-B-bug-37890-37891,29,82,76,8,2,74,74,30
8-B-bug-459037-459038,29,63,63,63,63,0,0,24
113-A-bug-683826-683913,2,356,304,53,2,303,302,74
113-A-bug-691902-691903,2,360,337,25,3,335,334,63
118-A-bug-18073097-18080639,2,57,53,15,11,42,42,28
118-A-bug-18103516-18103560,2,57,51,15,9,42,42,30
118-A-bug-18109879-18109907,2,57,17,15,15,42,2,28
118-A-bug-18134274-18134357,2,57,53,15,11,42,42,28
118-A-bug-18144017-18166218,2,75,72,4,1,71,71,264
118-A-bug-18174609-18174835,2,57,51,15,9,42,42,29
118-A-bug-18174643-18174835,2,57,51,15,9,42,42,32
118-A-bug-18174652-18174835,2,57,46,15,4,42,42,29
118-A-bug-18174751-18174835,2,57,53,15,11,42,42,28
118-A-bug-18282023-18282195,2,57,53,15,11,42,42,29
118-A-bug-18294639-18294683,2,57,46,15,4,42,42,30
118-A-bug-18327752-18328450,2,57,48,11,2,46,46,27
123-A-bug-1869815-1869826,2,34,20,17,3,17,17,29
124-C-bug-5745829-5746012,2,62,26,8,3,54,23,25
126-B-bug-16617781-16617816,2,48,41,8,1,40,40,50
131-A-bug-18069181-18073244,2,61,54,10,4,51,50,24
131-A-bug-18178430-18178436,2,65,62,4,4,61,58,24
131-A-bug-18178468-18252378,2,62,53,10,4,52,49,26
131-A-bug-18296690-18296701,2,65,64,4,4,61,60,24
133-A-bug-17969403-17975791,2,88,80,13,5,75,75,27
133-A-bug-17992884-17992958,2,88,79,13,5,75,74,30
133-A-bug-17993292-17993355,2,88,65,13,13,75,52,23
133-A-bug-18017249-18017267,2,88,78,13,3,75,75,30
133-A-bug-18048780-18048793,2,87,34,32,32,55,2,25
133-A-bug-18066416-18066518,2,88,79,13,5,75,74,29
133-A-bug-18158271-18158334,2,88,65,13,13,75,52,24
133-A-bug-18158313-18158334,2,90,72,12,12,78,60,25
133-A-bug-18217634-18217677,2,88,65,13,13,75,52,23
133-A-bug-18285631-18285709,2,88,65,13,13,75,52,24
133-A-bug-18285699-18285856,2,88,69,69,69,19,0,29
133-A-bug-18285725-18285856,2,88,80,13,5,75,75,27
133-A-bug-18286216-18286228,2,88,79,13,5,75,74,30
133-A-bug-18292018-18292024,2,88,65,13,13,75,52,23
133-A-bug-18296173-18296188,2,88,65,13,13,75,52,24
133-A-bug-18327759-18327824,2,88,65,13,13,75,52,24
133-A-bug-18348504-18348539,2,88,65,13,13,75,52,24
133-A-bug-18355672-18355701,2,88,78,13,3,75,75,30
133-C-bug-925626-925706,2,19,19,19,19,0,0,27
133-C-bug-927836-927839,2,19,19,8,8,11,11,6
137-A-bug-11590458-11590515,2,50,42,15,8,35,34,46
137-A-bug-8134102-8134128,2,50,40,9,4,41,36,37
147-A-bug-1015775-1015776,2,78,46,46,46,32,0,24
147-A-bug-1045602-1045611,2,79,61,45,31,34,30,24
147-A-bug-1045605-1045611,2,78,46,44,44,34,2,27
147-A-bug-12915557-12915622,2,74,38,38,38,36,0,30
174-B-bug-1501641-1501825,2,69,66,4,1,65,65,66
174-B-bug-1504776-1504783,2,90,85,6,1,84,84,68
180-C-bug-15764515-15764561,2,20,8,6,6,14,2,25
197-C-bug-11986074-11986110,2,23,23,23,23,0,0,24
197-C-bug-2103086-2103090,2,23,23,6,6,17,17,27
202-A-bug-1864388-1905671,2,59,39,29,28,30,11,25
202-A-bug-1938570-1938571,2,59,39,59,39,0,0,25
208-A-bug-17922157-17922172,2,25,15,15,15,10,0,26
208-A-bug-18102368-18102377,2,62,30,62,30,0,0,29
208-A-bug-18110250-18110255,2,74,42,68,36,6,6,32
208-A-bug-18123262-18123289,2,74,9,68,3,6,6,33
208-A-bug-18123271-18123289,2,74,14,68,8,6,6,34
208-A-bug-18266864-18266892,2,81,39,31,31,50,8,47
208-A-bug-18351096-18351104,2,74,33,33,33,41,0,24
236-A-bug-18003726-18007529,2,91,64,39,38,52,26,59
236-A-bug-18003976-18004085,2,89,89,89,89,0,0,27
236-A-bug-18007495-18007529,2,89,88,89,88,0,0,27
236-A-bug-18227052-18227120,2,91,64,39,39,52,25,54
236-A-bug-18338107-18338153,2,91,62,37,37,54,25,55
245-B-bug-15450004-15450022,2,26,23,4,1,22,22,48
245-B-bug-15926715-15927032,2,26,24,4,2,22,22,46
276-B-bug-10441668-10441759,2,33,28,6,1,27,27,25
276-B-bug-13314488-13314500,2,33,28,6,1,27,27,40
276-B-bug-14833281-14833300,2,41,37,6,5,35,32,24
276-B-bug-15034096-15034124,2,46,41,6,1,40,40,40
276-B-bug-16707425-16707470,2,35,27,11,4,24,23,40
276-B-bug-4820773-4820788,2,33,29,6,5,27,24,24
276-B-bug-5933556-5940552,2,41,37,6,5,35,32,24
276-B-bug-5933573-5940552,2,41,21,6,5,35,16,24
276-B-bug-6188908-6188949,2,41,37,6,5,35,32,25
281-A-bug-18132658-18132720,2,49,49,3,3,46,46,24
291-B-bug-3524194-3524237,2,21,10,21,10,0,0,7
291-B-bug-3537395-3537438,2,21,19,4,3,17,16,35
291-B-bug-3539893-3539896,2,23,4,4,4,19,0,24
291-B-bug-3726598-3726610,2,23,4,4,4,19,0,24
291-B-bug-6753127-6753143,2,31,4,2,2,29,2,30
316-A1-bug-3879223-3879239,2,35,27,4,2,31,25,30
316-A2-bug-3876995-3877003,2,36,24,4,4,32,20,37
31-B-bug-10514546-10514583,2,84,14,9,8,75,6,29
31-B-bug-10514554-10514583,2,84,9,9,9,75,0,24
31-B-bug-10514570-10514583,2,96,40,7,6,89,34,32
31-B-bug-136044-136045,2,68,33,48,13,20,20,25
31-B-bug-14199570-14199578,2,74,9,9,9,65,0,24
31-B-bug-14288247-14288278,2,74,9,9,9,65,0,24
31-B-bug-512116-512120,2,68,38,40,30,28,8,26
31-B-bug-6435804-6435825,2,90,72,5,4,85,68,26
353-D-bug-4926926-4926955,2,27,20,9,2,18,18,43
353-D-bug-6175754-6175760,2,24,20,6,2,18,18,49
363-C-bug-13754002-13754097,2,45,45,2,2,43,43,40
363-C-bug-5405641-5405684,2,31,25,9,3,22,22,45
385-B-bug-11063177-11063186,2,17,14,8,5,9,9,35
385-B-bug-17596493-17596993,2,17,15,3,1,14,14,52
385-B-bug-6898992-6898998,2,17,11,8,2,9,9,48
385-B-bug-9215199-9215223,2,17,5,10,3,7,2,35
393-A-bug-10224824-10224841,2,77,68,3,1,74,67,26
393-A-bug-12975319-12975331,2,68,7,7,7,61,0,27
393-A-bug-13882866-13882981,2,62,42,21,1,41,41,291
393-A-bug-13915086-13915488,2,72,60,13,1,59,59,151
393-A-bug-13915169-13915488,2,102,99,6,3,96,96,119
393-A-bug-14052177-14052206,2,62,54,9,2,53,52,74
411-A-bug-14678684-14678713,2,143,80,5,5,138,75,41
411-A-bug-9661639-9661654,2,143,80,5,5,138,75,41
41-C-bug-10642948-10642983,2,56,35,21,1,35,34,51
41-C-bug-10642957-10642983,2,55,46,10,1,45,45,45
41-C-bug-10642972-10642983,2,55,53,4,2,51,51,47
41-C-bug-10643130-10643148,2,57,30,31,4,26,26,50
41-C-bug-16825894-16825911,2,57,38,21,2,36,36,45
41-C-bug-17904918-17904940,2,92,85,2,2,90,83,58
41-C-bug-17904924-17904940,2,56,37,21,2,35,35,45
41-C-bug-17917572-17917578,2,63,45,16,2,47,43,35
41-C-bug-187321-187384,2,56,36,21,1,35,35,58
41-C-bug-736212-736216,2,63,52,16,5,47,47,28
420-A-bug-13091991-13091997,2,79,52,23,16,56,36,26
420-A-bug-14171953-14171970,2,78,74,7,4,71,70,26
420-A-bug-14755133-14755144,2,129,129,5,5,124,124,24
420-A-bug-16671795-16671832,2,79,57,43,43,36,14,26
451-D-bug-7249921-7249950,2,19,8,17,6,2,2,25
505-A-bug-10101095-10101109,2,56,50,6,5,50,45,34
505-A-bug-10513326-10513335,2,43,27,17,1,26,26,42
538-A-bug-14000679-14000824,2,79,78,3,2,76,76,77
538-A-bug-16876247-16876282,2,102,102,2,2,100,100,65
575-D-bug-12872706-12872745,2,3,3,3,3,0,0,24
58-A-bug-17762757-17762804,2,45,7,7,7,38,0,24
58-A-bug-18163826-18163845,2,42,17,17,17,25,0,26
58-A-bug-18231253-18231295,2,43,40,5,2,38,38,41
59-A-bug-17307162-17307176,2,34,34,34,34,0,0,25
600-A-bug-18147663-18147679,2,37,36,3,2,34,34,25
600-A-bug-18147672-18147679,2,37,36,3,2,34,34,25
665-C-bug-17762752-17762802,2,21,21,4,4,17,17,24
677-C-bug-18192762-18193123,2,26,16,16,16,10,0,24
677-C-bug-18262604-18262617,2,21,16,16,16,5,0,26
8-B-bug-17229415-17229625,2,69,59,15,7,54,52,81
8-B-bug-36489-36547,2,91,91,2,2,89,89,25
8-B-bug-37890-37891,2,82,75,8,1,74,74,64
8-B-bug-459037-459038,2,63,55,63,55,0,0,25
113-A-bug-683826-683913,30,356,306,53,4,303,302,73
113-A-bug-691902-691903,30,360,335,25,2,335,333,67
118-A-bug-18073097-18080639,30,57,53,15,11,42,42,28
118-A-bug-18103516-18103560,30,57,51,15,9,42,42,23
118-A-bug-18109879-18109907,30,57,53,15,11,42,42,29
118-A-bug-18134274-18134357,30,57,46,15,4,42,42,29
118-A-bug-18144017-18166218,30,75,73,4,2,71,71,264
118-A-bug-18174609-18174835,30,57,51,15,9,42,42,30
118-A-bug-18174643-18174835,30,57,51,15,9,42,42,32
118-A-bug-18174652-18174835,30,57,15,15,15,42,0,29
118-A-bug-18174751-18174835,30,57,53,15,11,42,42,28
118-A-bug-18282023-18282195,30,57,53,15,11,42,42,25
118-A-bug-18294639-18294683,30,57,46,15,4,42,42,29
118-A-bug-18327752-18328450,30,57,48,11,2,46,46,27
123-A-bug-1869815-1869826,30,34,21,17,4,17,17,27
124-C-bug-5745829-5746012,30,62,58,8,4,54,54,27
126-B-bug-16617781-16617816,30,48,41,8,1,40,40,36
126-B-bug-6462704-6462737,30,48,39,10,1,38,38,44
131-A-bug-18069181-18073244,30,61,26,10,7,51,19,24
131-A-bug-18178430-18178436,30,65,62,4,4,61,58,24
131-A-bug-18178468-18252378,30,62,10,10,10,52,0,29
131-A-bug-18296690-18296701,30,65,62,4,4,61,58,23
133-A-bug-17969403-17975791,30,88,81,13,7,75,74,24
133-A-bug-17992884-17992958,30,88,78,13,3,75,75,29
133-A-bug-17993292-17993355,30,88,65,13,13,75,52,25
133-A-bug-18017249-18017267,30,88,80,13,6,75,74,28
133-A-bug-18048780-18048793,30,87,58,32,7,55,51,30
133-A-bug-18158271-18158334,30,88,78,13,3,75,75,30
133-A-bug-18158313-18158334,30,90,72,12,12,78,60,24
133-A-bug-18217634-18217677,30,88,80,13,6,75,74,28
133-A-bug-18285631-18285709,30,88,78,13,3,75,75,30
133-A-bug-18285699-18285856,30,88,59,69,40,19,19,23
133-A-bug-18285725-18285856,30,88,65,13,13,75,52,23
133-A-bug-18286216-18286228,30,88,65,13,13,75,52,24
133-A-bug-18292018-18292024,30,88,80,13,6,75,74,28
133-A-bug-18296173-18296188,30,88,81,13,7,75,74,27
133-A-bug-18327759-18327824,30,88,65,13,13,75,52,24
133-A-bug-18348504-18348539,30,88,79,13,5,75,74,29
133-A-bug-18355672-18355701,30,88,80,13,5,75,75,27
133-C-bug-925626-925706,30,19,19,19,19,0,0,28
133-C-bug-927836-927839,30,19,19,8,8,11,11,8
137-A-bug-11590458-11590515,30,50,38,15,3,35,35,35
137-A-bug-8134102-8134128,30,50,42,9,7,41,35,29
147-A-bug-1015775-1015776,30,78,48,46,46,32,2,28
147-A-bug-1045602-1045611,30,79,47,45,45,34,2,28
147-A-bug-1045605-1045611,30,78,47,44,44,34,3,31
147-A-bug-12915557-12915622,30,74,38,38,38,36,0,29
174-B-bug-1501641-1501825,30,69,65,4,2,65,63,55
174-B-bug-1504776-1504783,30,90,85,6,1,84,84,49
180-C-bug-15764515-15764561,30,20,6,6,6,14,0,24
197-C-bug-11986074-11986110,30,23,23,23,23,0,0,24
197-C-bug-2103086-2103090,30,23,23,6,6,17,17,24
202-A-bug-1864388-1905671,30,59,39,29,27,30,12,26
202-A-bug-1938570-1938571,30,59,59,59,59,0,0,25
208-A-bug-17292049-17292076,30,73,40,41,39,32,1,31
208-A-bug-17922157-17922172,30,25,15,15,15,10,0,24
208-A-bug-18102368-18102377,30,62,60,62,60,0,0,28
208-A-bug-18110250-18110255,30,74,26,68,20,6,6,34
208-A-bug-18123262-18123289,30,74,9,68,3,6,6,33
208-A-bug-18351096-18351104,30,74,31,33,31,41,0,27
236-A-bug-18003726-18007529,30,91,56,39,19,52,37,38
236-A-bug-18003976-18004085,30,89,89,89,89,0,0,27
236-A-bug-18007495-18007529,30,89,89,89,89,0,0,28
236-A-bug-18227052-18227120,30,91,64,39,38,52,26,62
236-A-bug-18338107-18338153,30,91,62,37,37,54,25,76
245-B-bug-15450004-15450022,30,26,24,4,2,22,22,46
245-B-bug-15926715-15927032,30,26,24,4,2,22,22,46
276-B-bug-10441668-10441759,30,33,29,6,5,27,24,24
276-B-bug-13314488-13314500,30,33,28,6,1,27,27,25
276-B-bug-14833281-14833300,30,41,36,6,1,35,35,25
276-B-bug-15034096-15034124,30,46,41,6,1,40,40,40
276-B-bug-4820773-4820788,30,33,29,6,5,27,24,25
276-B-bug-5933556-5940552,30,41,37,6,5,35,32,24
276-B-bug-5933573-5940552,30,41,36,6,1,35,35,40
276-B-bug-6188908-6188949,30,41,37,6,5,35,32,25
281-A-bug-18132658-18132720,30,49,49,3,3,46,46,24
291-B-bug-3524194-3524237,30,21,21,21,21,0,0,27
291-B-bug-3537395-3537438,30,21,8,4,4,17,4,34
291-B-bug-3539893-3539896,30,23,4,4,4,19,0,24
291-B-bug-3726598-3726610,30,23,4,4,4,19,0,24
291-B-bug-6753127-6753143,30,31,4,2,2,29,2,30
316-A1-bug-3879223-3879239,30,35,12,4,2,31,10,25
316-A2-bug-3868271-3868327,30,27,17,17,17,10,0,23
316-A2-bug-3876995-3877003,30,36,24,4,4,32,20,37
31-B-bug-10514546-10514583,30,84,9,9,9,75,0,24
31-B-bug-10514570-10514583,30,96,40,7,6,89,34,30
31-B-bug-136044-136045,30,68,29,48,17,20,12,26
31-B-bug-14288247-14288278,30,74,9,9,9,65,0,24
31-B-bug-512114-512120,30,72,9,9,9,63,0,24
31-B-bug-512116-512120,30,68,40,40,40,28,0,24
31-B-bug-6435804-6435825,30,90,72,5,4,85,68,26
353-D-bug-4926926-4926955,30,27,18,9,1,18,17,52
353-D-bug-6175754-6175760,30,24,19,6,1,18,18,45
363-C-bug-13754002-13754097,30,45,45,2,2,43,43,40
385-B-bug-11063177-11063186,30,17,14,8,5,9,9,35
385-B-bug-17596493-17596993,30,17,16,3,2,14,14,50
385-B-bug-6898992-6898998,30,17,12,8,3,9,9,38
393-A-bug-10224824-10224841,30,77,47,3,3,74,44,26
393-A-bug-12975319-12975331,30,68,7,7,7,61,0,27
393-A-bug-13882866-13882981,30,62,42,21,1,41,41,224
393-A-bug-13915086-13915488,30,72,60,13,1,59,59,194
393-A-bug-13915169-13915488,30,102,97,6,1,96,96,148
393-A-bug-14052177-14052206,30,62,54,9,2,53,52,74
411-A-bug-14678684-14678713,30,143,80,5,5,138,75,38
411-A-bug-9661639-9661654,30,143,80,5,5,138,75,41
41-C-bug-10642948-10642983,30,56,36,21,1,35,35,47
41-C-bug-10642957-10642983,30,55,42,10,1,45,41,48
41-C-bug-10642972-10642983,30,55,52,4,1,51,51,51
41-C-bug-10643130-10643148,30,57,26,31,2,26,24,41
41-C-bug-16825894-16825911,30,57,37,21,3,36,34,57
41-C-bug-17904918-17904940,30,92,92,2,2,90,90,58
41-C-bug-17904924-17904940,30,56,36,21,2,35,34,45
41-C-bug-17917572-17917578,30,63,52,16,5,47,47,34
41-C-bug-187321-187384,30,56,36,21,1,35,35,41
41-C-bug-736212-736216,30,63,53,16,6,47,47,28
420-A-bug-13091991-13091997,30,79,58,23,16,56,42,26
420-A-bug-14171953-14171970,30,78,74,7,4,71,70,26
420-A-bug-14755133-14755144,30,129,129,5,5,124,124,24
420-A-bug-16671795-16671832,30,79,52,43,43,36,9,24
451-D-bug-7249921-7249950,30,19,8,17,6,2,2,25
505-A-bug-10101095-10101109,30,56,50,6,5,50,45,34
505-A-bug-10513326-10513335,30,43,37,17,13,26,24,31
538-A-bug-14000679-14000824,30,79,77,3,1,76,76,53
538-A-bug-16876247-16876282,30,102,102,2,2,100,100,65
550-A-bug-17839318-17839327,30,83,79,12,9,71,70,36
575-D-bug-12872706-12872745,30,3,3,3,3,0,0,29
58-A-bug-17762757-17762804,30,45,7,7,7,38,0,24
58-A-bug-18163826-18163845,30,42,17,17,17,25,0,27
58-A-bug-18231253-18231295,30,43,41,5,3,38,38,61
59-A-bug-17307162-17307176,30,34,34,34,34,0,0,28
600-A-bug-18147663-18147679,30,37,17,3,3,34,14,25
600-A-bug-18147672-18147679,30,37,17,3,3,34,14,25
665-C-bug-17762752-17762802,30,21,21,4,4,17,17,24
677-C-bug-18206311-18206325,30,21,17,17,17,4,0,25
8-B-bug-17229415-17229625,30,69,57,15,4,54,53,75
8-B-bug-36489-36547,30,91,91,2,2,89,89,25
8-B-bug-37890-37891,30,82,76,8,2,74,74,30
8-B-bug-459037-459038,30,63,63,63,63,0,0,24
113-A-bug-683826-683913,31,356,304,53,4,303,300,73
113-A-bug-691902-691903,31,360,332,25,1,335,331,65
118-A-bug-18073097-18080639,31,57,53,15,11,42,42,28
118-A-bug-18103516-18103560,31,57,53,15,11,42,42,28
118-A-bug-18109879-18109907,31,57,53,15,11,42,42,28
118-A-bug-18134274-18134357,31,57,53,15,11,42,42,25
118-A-bug-18174609-18174835,31,57,47,15,5,42,42,29
118-A-bug-18174643-18174835,31,57,51,15,9,42,42,23
118-A-bug-18174652-18174835,31,57,51,15,9,42,42,32
118-A-bug-18174751-18174835,31,57,53,15,11,42,42,28
118-A-bug-18282023-18282195,31,57,51,15,9,42,42,30
118-A-bug-18294639-18294683,31,57,53,15,11,42,42,25
118-A-bug-18327752-18328450,31,57,50,11,4,46,46,30
124-C-bug-5745829-5746012,31,62,58,8,4,54,54,27
126-B-bug-16617781-16617816,31,48,41,8,1,40,40,36
126-B-bug-6462704-6462737,31,48,39,10,1,38,38,44
131-A-bug-18069181-18073244,31,61,13,10,10,51,3,29
131-A-bug-18178430-18178436,31,65,62,4,4,61,58,24
131-A-bug-18178468-18252378,31,62,10,10,10,52,0,29
131-A-bug-18296690-18296701,31,65,62,4,4,61,58,24
133-A-bug-17969403-17975791,31,88,65,13,13,75,52,23
133-A-bug-17992884-17992958,31,88,79,13,5,75,74,30
133-A-bug-17993292-17993355,31,88,81,13,7,75,74,27
133-A-bug-18017249-18017267,31,88,65,13,13,75,52,23
133-A-bug-18047608-18047662,31,88,77,13,7,75,70,23
133-A-bug-18048780-18048793,31,87,32,32,32,55,0,25
133-A-bug-18066416-18066518,31,88,65,13,13,75,52,24
133-A-bug-18158271-18158334,31,88,65,13,13,75,52,24
133-A-bug-18158313-18158334,31,90,72,12,12,78,60,24
133-A-bug-18285631-18285709,31,88,80,13,5,75,75,27
133-A-bug-18285699-18285856,31,88,54,69,35,19,19,28
133-A-bug-18285725-18285856,31,88,65,13,13,75,52,24
133-A-bug-18286216-18286228,31,88,79,13,5,75,74,29
133-A-bug-18292018-18292024,31,88,78,13,3,75,75,29
133-A-bug-18296173-18296188,31,88,65,13,13,75,52,24
133-A-bug-18327759-18327824,31,88,78,13,3,75,75,29
133-A-bug-18348504-18348539,31,88,65,13,13,75,52,24
133-A-bug-18355672-18355701,31,88,80,13,6,75,74,28
133-C-bug-925626-925706,31,19,19,19,19,0,0,26
133-C-bug-927836-927839,31,19,19,8,8,11,11,8
137-A-bug-11590458-11590515,31,50,41,15,6,35,35,32
137-A-bug-8134102-8134128,31,50,40,9,4,41,36,37
147-A-bug-1015775-1015776,31,78,46,46,46,32,0,26
147-A-bug-1045602-1045611,31,79,47,45,45,34,2,28
147-A-bug-1045605-1045611,31,78,44,44,17,34,27,28
147-A-bug-12915557-12915622,31,74,40,38,38,36,2,25
174-B-bug-1501641-1501825,31,69,66,4,1,65,65,66
174-B-bug-1504776-1504783,31,90,85,6,1,84,84,49
180-C-bug-15764515-15764561,31,20,6,6,6,14,0,25
197-C-bug-11986074-11986110,31,23,12,23,12,0,0,25
197-C-bug-2103086-2103090,31,23,23,6,6,17,17,28
202-A-bug-1864388-1905671,31,59,40,29,28,30,12,26
202-A-bug-1938570-1938571,31,59,59,59,59,0,0,27
208-A-bug-17292049-17292076,31,73,41,41,41,32,0,28
208-A-bug-17532993-17533015,31,73,59,59,59,14,0,29
208-A-bug-17922157-17922172,31,25,15,15,15,10,0,24
208-A-bug-18102368-18102377,31,62,62,62,62,0,0,29
208-A-bug-18110250-18110255,31,74,13,68,7,6,6,33
208-A-bug-18123262-18123289,31,74,13,68,7,6,6,37
208-A-bug-18123271-18123289,31,74,10,68,4,6,6,38
208-A-bug-18260832-18260860,31,74,43,41,41,33,2,26
208-A-bug-18351096-18351104,31,74,33,33,33,41,0,27
236-A-bug-18003726-18007529,31,91,64,39,39,52,25,48
236-A-bug-18003976-18004085,31,89,89,89,89,0,0,27
236-A-bug-18007495-18007529,31,89,89,89,89,0,0,25
236-A-bug-18227052-18227120,31,91,53,39,14,52,39,30
236-A-bug-18338107-18338153,31,91,57,37,22,54,35,55
245-B-bug-15450004-15450022,31,26,18,4,2,22,16,46
245-B-bug-15926715-15927032,31,26,25,4,3,22,22,43
276-B-bug-10441668-10441759,31,33,29,6,5,27,24,24
276-B-bug-14833281-14833300,31,41,36,6,1,35,35,40
276-B-bug-15034096-15034124,31,46,41,6,1,40,40,25
276-B-bug-16707425-16707470,31,35,25,11,2,24,23,43
276-B-bug-5933556-5940552,31,41,37,6,5,35,32,25
276-B-bug-5933573-5940552,31,41,37,6,5,35,32,24
276-B-bug-6188908-6188949,31,41,37,6,5,35,32,25
281-A-bug-18132658-18132720,31,49,49,3,3,46,46,23
291-B-bug-3524194-3524237,31,21,15,21,15,0,0,25
291-B-bug-3537395-3537438,31,21,4,4,4,17,0,35
291-B-bug-3539893-3539896,31,23,4,4,4,19,0,24
291-B-bug-3726598-3726610,31,23,4,4,4,19,0,24
291-B-bug-6753127-6753143,31,31,4,2,2,29,2,30
316-A1-bug-3879223-3879239,31,35,27,4,2,31,25,30
316-A2-bug-3868271-3868327,31,27,17,17,17,10,0,23
316-A2-bug-3876995-3877003,31,36,26,4,4,32,22,37
31-B-bug-10514546-10514583,31,84,36,9,9,75,27,25
31-B-bug-10514554-10514583,31,84,9,9,9,75,0,24
31-B-bug-136044-136045,31,68,42,48,22,20,20,25
31-B-bug-14199570-14199578,31,74,9,9,9,65,0,24
31-B-bug-14288247-14288278,31,74,30,9,9,65,21,25
31-B-bug-512114-512120,31,72,9,9,9,63,0,24
31-B-bug-512116-512120,31,68,36,40,34,28,2,29
31-B-bug-6435804-6435825,31,90,87,5,2,85,85,26
353-D-bug-4926926-4926955,31,27,18,9,1,18,17,47
353-D-bug-6175754-6175760,31,24,20,6,2,18,18,49
363-C-bug-13754002-13754097,31,45,45,2,2,43,43,40
363-C-bug-5405641-5405684,31,31,24,9,2,22,22,37
385-B-bug-11063177-11063186,31,17,11,8,2,9,9,50
385-B-bug-17596493-17596993,31,17,15,3,1,14,14,52
385-B-bug-6898992-6898998,31,17,12,8,3,9,9,38
393-A-bug-10224824-10224841,31,77,49,3,3,74,46,26
393-A-bug-12975319-12975331,31,68,61,7,2,61,59,24
393-A-bug-13882866-13882981,31,62,42,21,1,41,41,119
393-A-bug-13915086-13915488,31,72,60,13,1,59,59,112
393-A-bug-13915169-13915488,31,102,97,6,1,96,96,114
393-A-bug-14052177-14052206,31,62,49,9,1,53,48,86
411-A-bug-14678684-14678713,31,143,80,5,5,138,75,38
411-A-bug-9661639-9661654,31,143,80,5,5,138,75,41
41-C-bug-10642948-10642983,31,56,36,21,1,35,35,38
41-C-bug-10642957-10642983,31,55,48,10,3,45,45,42
41-C-bug-10642972-10642983,31,55,53,4,2,51,51,47
41-C-bug-10643130-10643148,31,57,29,31,3,26,26,59
41-C-bug-16825894-16825911,31,57,36,21,1,36,35,58
41-C-bug-17904918-17904940,31,92,92,2,2,90,90,58
41-C-bug-17904924-17904940,31,56,36,21,1,35,35,54
41-C-bug-17917572-17917578,31,63,52,16,5,47,47,34
41-C-bug-187321-187384,31,56,36,21,1,35,35,37
41-C-bug-736212-736216,31,63,50,16,3,47,47,28
420-A-bug-13091991-13091997,31,79,58,23,16,56,42,24
420-A-bug-14171953-14171970,31,78,74,7,4,71,70,26
420-A-bug-14755133-14755144,31,129,129,5,5,124,124,24
420-A-bug-16671795-16671832,31,79,43,43,35,36,8,25
451-D-bug-7249921-7249950,31,19,13,17,11,2,2,27
505-A-bug-10101095-10101109,31,56,49,6,5,50,44,48
505-A-bug-10513326-10513335,31,43,34,17,16,26,18,33
538-A-bug-14000679-14000824,31,79,77,3,1,76,76,53
538-A-bug-16876247-16876282,31,102,102,2,2,100,100,65
550-A-bug-17839318-17839327,31,83,79,12,9,71,70,45
575-D-bug-12872706-12872745,31,3,3,3,3,0,0,24
58-A-bug-17762757-17762804,31,45,7,7,7,38,0,24
58-A-bug-18163826-18163845,31,42,17,17,17,25,0,25
58-A-bug-18231253-18231295,31,43,41,5,3,38,38,61
59-A-bug-17307162-17307176,31,34,34,34,34,0,0,23
59-A-bug-17706574-17706595,31,43,40,3,0,40,40,263
600-A-bug-18147663-18147679,31,37,34,3,1,34,33,26
600-A-bug-18147672-18147679,31,37,34,3,1,34,33,26
665-C-bug-17762752-17762802,31,21,21,4,4,17,17,24
8-B-bug-17229415-17229625,31,69,56,15,3,54,53,30
8-B-bug-36489-36547,31,91,91,2,2,89,89,25
8-B-bug-37890-37891,31,82,76,8,2,74,74,30
8-B-bug-459037-459038,31,63,51,63,51,0,0,24
113-A-bug-683826-683913,32,356,304,53,5,303,299,71
113-A-bug-691902-691903,32,360,336,25,1,335,335,75
118-A-bug-18073097-18080639,32,57,53,15,11,42,42,28
118-A-bug-18103516-18103560,32,57,51,15,9,42,42,29
118-A-bug-18109879-18109907,32,57,46,15,4,42,42,30
118-A-bug-18134274-18134357,32,57,53,15,11,42,42,28
118-A-bug-18174609-18174835,32,57,49,15,7,42,42,31
118-A-bug-18174643-18174835,32,57,53,15,11,42,42,25
118-A-bug-18174652-18174835,32,57,53,15,11,42,42,26
118-A-bug-18174751-18174835,32,57,53,15,11,42,42,29
118-A-bug-18282023-18282195,32,57,15,15,15,42,0,29
118-A-bug-18294639-18294683,32,57,53,15,11,42,42,29
118-A-bug-18327752-18328450,32,57,57,11,11,46,46,26
123-A-bug-1869815-1869826,32,34,22,17,8,17,14,30
124-C-bug-5745829-5746012,32,62,26,8,3,54,23,25
126-B-bug-16617781-16617816,32,48,41,8,1,40,40,34
126-B-bug-6462704-6462737,32,48,40,10,2,38,38,32
131-A-bug-18069181-18073244,32,61,50,10,6,51,44,24
131-A-bug-18178430-18178436,32,65,62,4,4,61,58,24
131-A-bug-18178468-18252378,32,62,52,10,6,52,46,24
131-A-bug-18296690-18296701,32,65,62,4,4,61,58,24
133-A-bug-17969403-17975791,32,88,79,13,5,75,74,29
133-A-bug-17992884-17992958,32,88,65,13,13,75,52,24
133-A-bug-17993292-17993355,32,88,78,13,3,75,75,30
133-A-bug-18017249-18017267,32,88,81,13,7,75,74,25
133-A-bug-18047608-18047662,32,88,80,13,5,75,75,24
133-A-bug-18048780-18048793,32,87,32,32,32,55,0,25
133-A-bug-18066416-18066518,32,88,79,13,5,75,74,30
133-A-bug-18158271-18158334,32,88,79,13,5,75,74,29
133-A-bug-18217634-18217677,32,88,81,13,7,75,74,25
133-A-bug-18285631-18285709,32,88,78,13,3,75,75,29
133-A-bug-18285699-18285856,32,88,54,69,35,19,19,31
133-A-bug-18285725-18285856,32,88,79,13,5,75,74,30
133-A-bug-18286216-18286228,32,88,78,13,3,75,75,30
133-A-bug-18292018-18292024,32,88,65,13,13,75,52,24
133-A-bug-18296173-18296188,32,88,65,13,13,75,52,24
133-A-bug-18327759-18327824,32,88,79,13,5,75,74,30
133-A-bug-18348504-18348539,32,88,78,13,3,75,75,29
133-A-bug-18355672-18355701,32,88,65,13,13,75,52,25
133-C-bug-925626-925706,32,19,19,19,19,0,0,26
133-C-bug-927836-927839,32,19,19,8,8,11,11,5
137-A-bug-11590458-11590515,32,50,39,15,7,35,32,39
137-A-bug-8134102-8134128,32,50,40,9,4,41,36,37
147-A-bug-1015775-1015776,32,78,49,46,17,32,32,29
147-A-bug-1045602-1045611,32,79,61,45,31,34,30,28
147-A-bug-1045605-1045611,32,78,49,44,24,34,25,29
147-A-bug-12915557-12915622,32,74,38,38,38,36,0,24
174-B-bug-1501641-1501825,32,69,65,4,2,65,63,55
174-B-bug-1504776-1504783,32,90,86,6,2,84,84,63
180-C-bug-15764515-15764561,32,20,6,6,6,14,0,25
197-C-bug-11986074-11986110,32,23,17,23,17,0,0,28
197-C-bug-2103086-2103090,32,23,23,6,6,17,17,27
202-A-bug-1864388-1905671,32,59,39,29,28,30,11,25
202-A-bug-1938570-1938571,32,59,48,59,48,0,0,27
208-A-bug-17922157-17922172,32,25,15,15,15,10,0,25
208-A-bug-18102368-18102377,32,62,60,62,60,0,0,29
208-A-bug-18123262-18123289,32,74,11,68,5,6,6,39
208-A-bug-18123271-18123289,32,74,69,68,63,6,6,34
236-A-bug-18003726-18007529,32,91,64,39,39,52,25,42
236-A-bug-18003976-18004085,32,89,88,89,88,0,0,27
236-A-bug-18007495-18007529,32,89,89,89,89,0,0,25
236-A-bug-18227052-18227120,32,91,64,39,39,52,25,46
236-A-bug-18338107-18338153,32,91,62,37,37,54,25,46
245-B-bug-15450004-15450022,32,26,18,4,2,22,16,46
245-B-bug-15926715-15927032,32,26,18,4,2,22,16,46
276-B-bug-13314488-13314500,32,33,29,6,5,27,24,25
276-B-bug-14833281-14833300,32,41,21,6,5,35,16,25
276-B-bug-15034096-15034124,32,46,40,6,5,40,35,24
276-B-bug-16707425-16707470,32,35,25,11,4,24,21,34
276-B-bug-4820773-4820788,32,33,28,6,1,27,27,40
276-B-bug-5933556-5940552,32,41,37,6,5,35,32,24
276-B-bug-5933573-5940552,32,41,37,6,5,35,32,24
276-B-bug-6188908-6188949,32,41,36,6,1,35,35,40
281-A-bug-18132658-18132720,32,49,49,3,3,46,46,24
291-B-bug-3524194-3524237,32,21,4,21,4,0,0,9
291-B-bug-3537395-3537438,32,21,6,4,4,17,2,34
291-B-bug-3539893-3539896,32,23,4,4,4,19,0,24
291-B-bug-3726598-3726610,32,23,4,4,4,19,0,24
291-B-bug-6753127-6753143,32,31,2,2,2,29,0,29
316-A1-bug-3879223-3879239,32,35,21,4,4,31,17,30
316-A2-bug-3876995-3877003,32,36,24,4,4,32,20,37
31-B-bug-10514546-10514583,32,84,36,9,9,75,27,25
31-B-bug-10514554-10514583,32,84,9,9,9,75,0,24
31-B-bug-10514570-10514583,32,96,40,7,6,89,34,30
31-B-bug-136044-136045,32,68,42,48,22,20,20,26
31-B-bug-14199570-14199578,32,74,9,9,9,65,0,24
31-B-bug-14288247-14288278,32,74,30,9,9,65,21,25
31-B-bug-512114-512120,32,72,29,9,9,63,20,25
31-B-bug-512116-512120,32,68,40,40,40,28,0,24
353-D-bug-4926926-4926955,32,27,19,9,1,18,18,32
353-D-bug-6175754-6175760,32,24,19,6,1,18,18,45
363-C-bug-13754002-13754097,32,45,45,2,2,43,43,40
363-C-bug-5405641-5405684,32,31,26,9,4,22,22,58
385-B-bug-11063177-11063186,32,17,12,8,3,9,9,38
385-B-bug-17596493-17596993,32,17,16,3,2,14,14,50
385-B-bug-6898992-6898998,32,17,14,8,5,9,9,35
393-A-bug-10224824-10224841,32,77,49,3,3,74,46,26
393-A-bug-12975319-12975331,32,68,43,7,7,61,36,26
393-A-bug-13882866-13882981,32,62,42,21,1,41,41,206
393-A-bug-13915086-13915488,32,72,60,13,1,59,59,180
393-A-bug-13915169-13915488,32,102,99,6,3,96,96,119
393-A-bug-14052177-14052206,32,62,54,9,2,53,52,74
411-A-bug-14678684-14678713,32,143,80,5,5,138,75,38
411-A-bug-9661639-9661654,32,143,80,5,5,138,75,38
41-C-bug-10642948-10642983,32,56,36,21,1,35,35,42
41-C-bug-10642957-10642983,32,55,48,10,3,45,45,42
41-C-bug-10642972-10642983,32,55,53,4,2,51,51,47
41-C-bug-10643130-10643148,32,57,31,31,5,26,26,47
41-C-bug-16825894-16825911,32,57,37,21,1,36,36,41
41-C-bug-17904918-17904940,32,92,85,2,2,90,83,58
41-C-bug-17904924-17904940,32,56,36,21,1,35,35,46
41-C-bug-17917572-17917578,32,63,49,16,2,47,47,34
41-C-bug-187321-187384,32,56,36,21,1,35,35,47
41-C-bug-736212-736216,32,63,49,16,2,47,47,32
420-A-bug-13091991-13091997,32,79,50,23,20,56,30,27
420-A-bug-14171953-14171970,32,78,52,7,6,71,46,26
420-A-bug-14755133-14755144,32,129,129,5,5,124,124,24
420-A-bug-16671795-16671832,32,79,54,43,43,36,11,24
451-D-bug-7249921-7249950,32,19,8,17,6,2,2,25
505-A-bug-10101095-10101109,32,56,50,6,5,50,45,34
505-A-bug-10513326-10513335,32,43,30,17,16,26,14,31
538-A-bug-14000679-14000824,32,79,78,3,2,76,76,77
538-A-bug-16876247-16876282,32,102,102,2,2,100,100,65
575-D-bug-12872706-12872745,32,3,3,3,3,0,0,24
58-A-bug-17762757-17762804,32,45,7,7,7,38,0,26
58-A-bug-18163826-18163845,32,42,17,17,17,25,0,28
58-A-bug-18231253-18231295,32,43,40,5,2,38,38,50
59-A-bug-17307162-17307176,32,34,34,34,34,0,0,29
59-A-bug-17706574-17706595,32,43,37,3,0,40,37,261
600-A-bug-18147663-18147679,32,37,17,3,3,34,14,25
600-A-bug-18147672-18147679,32,37,17,3,3,34,14,25
665-C-bug-17762752-17762802,32,21,21,4,4,17,17,24
677-C-bug-18262604-18262617,32,21,16,16,16,5,0,24
8-B-bug-17229415-17229625,32,69,57,15,4,54,53,77
8-B-bug-36489-36547,32,91,91,2,2,89,89,25
8-B-bug-37890-37891,32,82,76,8,2,74,74,30
8-B-bug-459037-459038,32,63,63,63,63,0,0,24
113-A-bug-683826-683913,3,356,305,53,6,303,299,85
113-A-bug-691902-691903,3,360,337,25,3,335,334,63
118-A-bug-18073097-18080639,3,57,46,15,4,42,42,29
118-A-bug-18103516-18103560,3,57,51,15,9,42,42,30
118-A-bug-18109879-18109907,3,57,49,15,7,42,42,29
118-A-bug-18134274-18134357,3,57,51,15,9,42,42,29
118-A-bug-18144017-18166218,3,75,73,4,2,71,71,264
118-A-bug-18174609-18174835,3,57,47,15,5,42,42,29
118-A-bug-18174643-18174835,3,57,53,15,11,42,42,28
118-A-bug-18174652-18174835,3,57,46,15,4,42,42,30
118-A-bug-18174751-18174835,3,57,53,15,11,42,42,28
118-A-bug-18282023-18282195,3,57,49,15,7,42,42,31
118-A-bug-18294639-18294683,3,57,53,15,11,42,42,26
118-A-bug-18327752-18328450,3,57,57,11,11,46,46,29
124-C-bug-5745829-5746012,3,62,26,8,3,54,23,25
126-B-bug-16617781-16617816,3,48,41,8,1,40,40,46
131-A-bug-18069181-18073244,3,61,17,10,10,51,7,24
131-A-bug-18178430-18178436,3,65,62,4,4,61,58,24
131-A-bug-18178468-18252378,3,62,10,10,10,52,0,29
131-A-bug-18296690-18296701,3,65,62,4,4,61,58,24
133-A-bug-17969403-17975791,3,88,65,13,13,75,52,24
133-A-bug-17992884-17992958,3,88,79,13,5,75,74,30
133-A-bug-17993292-17993355,3,88,81,13,7,75,74,24
133-A-bug-18017249-18017267,3,88,65,13,13,75,52,24
133-A-bug-18047608-18047662,3,88,80,13,5,75,75,27
133-A-bug-18048780-18048793,3,87,33,32,32,55,1,25
133-A-bug-18066416-18066518,3,88,81,13,7,75,74,27
133-A-bug-18158271-18158334,3,88,65,13,13,75,52,23
133-A-bug-18217634-18217677,3,88,79,13,5,75,74,30
133-A-bug-18285725-18285856,3,88,65,13,13,75,52,23
133-A-bug-18286216-18286228,3,88,79,13,5,75,74,29
133-A-bug-18292018-18292024,3,88,65,13,13,75,52,24
133-A-bug-18296173-18296188,3,88,65,13,13,75,52,24
133-A-bug-18327759-18327824,3,88,65,13,13,75,52,24
133-A-bug-18348504-18348539,3,88,78,13,3,75,75,30
133-C-bug-925626-925706,3,19,19,19,19,0,0,27
133-C-bug-927836-927839,3,19,19,8,8,11,11,9
137-A-bug-11590458-11590515,3,50,41,15,6,35,35,32
137-A-bug-8134102-8134128,3,50,41,9,4,41,37,30
147-A-bug-1015775-1015776,3,78,46,46,46,32,0,26
147-A-bug-1045605-1045611,3,78,46,44,44,34,2,24
147-A-bug-12915557-12915622,3,74,40,38,38,36,2,30
174-B-bug-1501641-1501825,3,69,65,4,2,65,63,55
174-B-bug-1504776-1504783,3,90,86,6,2,84,84,63
180-C-bug-15764515-15764561,3,20,7,6,6,14,1,25
197-C-bug-11986074-11986110,3,23,23,23,23,0,0,27
197-C-bug-2103086-2103090,3,23,23,6,6,17,17,28
202-A-bug-1864388-1905671,3,59,36,29,14,30,22,32
202-A-bug-1938570-1938571,3,59,39,59,39,0,0,25
208-A-bug-17532993-17533015,3,73,59,59,59,14,0,29
208-A-bug-18102368-18102377,3,62,62,62,62,0,0,28
208-A-bug-18110250-18110255,3,74,14,68,8,6,6,35
208-A-bug-18123262-18123289,3,74,11,68,5,6,6,33
208-A-bug-18123271-18123289,3,74,68,68,62,6,6,33
208-A-bug-18266864-18266892,3,81,40,31,31,50,9,35
208-A-bug-18351096-18351104,3,74,31,33,31,41,0,31
236-A-bug-18003726-18007529,3,91,64,39,39,52,25,62
236-A-bug-18003976-18004085,3,89,89,89,89,0,0,26
236-A-bug-18007495-18007529,3,89,88,89,88,0,0,30
236-A-bug-18227052-18227120,3,91,58,39,33,52,25,50
236-A-bug-18338107-18338153,3,91,54,37,13,54,41,67
245-B-bug-15450004-15450022,3,26,25,4,3,22,22,43
245-B-bug-15926715-15927032,3,26,23,4,1,22,22,48
276-B-bug-10441668-10441759,3,33,29,6,5,27,24,24
276-B-bug-13314488-13314500,3,33,29,6,5,27,24,25
276-B-bug-14833281-14833300,3,41,21,6,5,35,16,25
276-B-bug-15034096-15034124,3,46,41,6,1,40,40,25
276-B-bug-4820773-4820788,3,33,29,6,5,27,24,24
276-B-bug-5933556-5940552,3,41,37,6,5,35,32,25
276-B-bug-5933573-5940552,3,41,37,6,5,35,32,24
281-A-bug-18132658-18132720,3,49,49,3,3,46,46,24
291-B-bug-3524194-3524237,3,21,4,21,4,0,0,9
291-B-bug-3537395-3537438,3,21,5,4,4,17,1,30
291-B-bug-3539893-3539896,3,23,4,4,4,19,0,24
291-B-bug-3726598-3726610,3,23,4,4,4,19,0,24
291-B-bug-6753127-6753143,3,31,4,2,2,29,2,30
316-A1-bug-3879223-3879239,3,35,12,4,4,31,8,33
316-A2-bug-3868271-3868327,3,27,17,17,17,10,0,23
316-A2-bug-3876995-3877003,3,36,26,4,4,32,22,37
31-B-bug-10514546-10514583,3,84,9,9,9,75,0,24
31-B-bug-10514554-10514583,3,84,10,9,9,75,1,31
31-B-bug-14199570-14199578,3,74,9,9,9,65,0,24
31-B-bug-14288247-14288278,3,74,9,9,9,65,0,24
31-B-bug-512116-512120,3,68,46,40,25,28,21,26
31-B-bug-6435804-6435825,3,90,72,5,4,85,68,26
353-D-bug-4926926-4926955,3,27,19,9,1,18,18,48
353-D-bug-6175754-6175760,3,24,20,6,2,18,18,49
363-C-bug-13754002-13754097,3,45,45,2,2,43,43,40
363-C-bug-5405641-5405684,3,31,25,9,3,22,22,37
385-B-bug-11063177-11063186,3,17,17,8,8,9,9,34
385-B-bug-17596493-17596993,3,17,15,3,1,14,14,52
385-B-bug-6898992-6898998,3,17,17,8,8,9,9,34
393-A-bug-10224824-10224841,3,77,47,3,3,74,44,26
393-A-bug-12975319-12975331,3,68,7,7,7,61,0,27
393-A-bug-13882866-13882981,3,62,42,21,1,41,41,80
393-A-bug-13915086-13915488,3,72,61,13,2,59,59,223
393-A-bug-13915169-13915488,3,102,99,6,3,96,96,119
393-A-bug-14052177-14052206,3,62,47,9,1,53,46,85
411-A-bug-14678684-14678713,3,143,80,5,5,138,75,38
411-A-bug-9661639-9661654,3,143,80,5,5,138,75,38
41-C-bug-10642948-10642983,3,56,36,21,1,35,35,44
41-C-bug-10642957-10642983,3,55,46,10,1,45,45,52
41-C-bug-10642972-10642983,3,55,52,4,1,51,51,48
41-C-bug-10643130-10643148,3,57,28,31,2,26,26,46
41-C-bug-16825894-16825911,3,57,38,21,2,36,36,45
41-C-bug-17904918-17904940,3,92,85,2,2,90,83,58
41-C-bug-17904924-17904940,3,56,36,21,1,35,35,54
41-C-bug-17917572-17917578,3,63,56,16,9,47,47,34
41-C-bug-187321-187384,3,56,36,21,1,35,35,58
41-C-bug-736212-736216,3,63,50,16,3,47,47,28
420-A-bug-13091991-13091997,3,79,64,23,16,56,48,24
420-A-bug-14171953-14171970,3,78,74,7,4,71,70,26
420-A-bug-14755133-14755144,3,129,129,5,5,124,124,24
420-A-bug-16671795-16671832,3,79,51,43,43,36,8,24
451-D-bug-7249921-7249950,3,19,19,17,17,2,2,26
505-A-bug-10101095-10101109,3,56,50,6,5,50,45,34
505-A-bug-10513326-10513335,3,43,31,17,13,26,18,31
538-A-bug-14000679-14000824,3,79,77,3,1,76,76,53
538-A-bug-16876247-16876282,3,102,102,2,2,100,100,65
575-D-bug-12872706-12872745,3,3,3,3,3,0,0,24
58-A-bug-17762757-17762804,3,45,7,7,7,38,0,24
58-A-bug-18163826-18163845,3,42,17,17,17,25,0,28
58-A-bug-18231253-18231295,3,43,41,5,3,38,38,61
59-A-bug-17307162-17307176,3,34,34,34,34,0,0,29
600-A-bug-18147663-18147679,3,37,36,3,2,34,34,25
600-A-bug-18147672-18147679,3,37,17,3,3,34,14,25
665-C-bug-17762752-17762802,3,21,21,4,4,17,17,24
677-C-bug-18192762-18193123,3,26,16,16,16,10,0,29
8-B-bug-17229415-17229625,3,69,57,15,4,54,53,44
8-B-bug-36489-36547,3,91,91,2,2,89,89,25
8-B-bug-37890-37891,3,82,75,8,1,74,74,64
8-B-bug-459037-459038,3,63,38,63,38,0,0,29
113-A-bug-683826-683913,4,356,304,53,3,303,301,55
113-A-bug-691902-691903,4,360,336,25,4,335,332,68
118-A-bug-18073097-18080639,4,57,51,15,9,42,42,29
118-A-bug-18103516-18103560,4,57,51,15,9,42,42,23
118-A-bug-18109879-18109907,4,57,53,15,11,42,42,28
118-A-bug-18134274-18134357,4,57,47,15,5,42,42,29
118-A-bug-18174609-18174835,4,57,53,15,11,42,42,28
118-A-bug-18174643-18174835,4,57,53,15,11,42,42,29
118-A-bug-18174652-18174835,4,57,46,15,4,42,42,29
118-A-bug-18174751-18174835,4,57,47,15,5,42,42,29
118-A-bug-18282023-18282195,4,57,51,15,9,42,42,29
118-A-bug-18294639-18294683,4,57,53,15,11,42,42,29
118-A-bug-18327752-18328450,4,57,57,11,11,46,46,28
123-A-bug-1869815-1869826,4,34,22,17,5,17,17,28
126-B-bug-16617781-16617816,4,48,42,8,2,40,40,26
126-B-bug-6462704-6462737,4,48,40,10,2,38,38,27
131-A-bug-18069181-18073244,4,61,50,10,6,51,44,24
131-A-bug-18178430-18178436,4,65,64,4,4,61,60,24
131-A-bug-18178468-18252378,4,62,52,10,4,52,48,26
131-A-bug-18296690-18296701,4,65,62,4,4,61,58,24
133-A-bug-17969403-17975791,4,88,78,13,3,75,75,30
133-A-bug-17992884-17992958,4,88,65,13,13,75,52,24
133-A-bug-17993292-17993355,4,88,80,13,5,75,75,27
133-A-bug-18017249-18017267,4,88,79,13,4,75,75,28
133-A-bug-18047608-18047662,4,88,65,13,13,75,52,23
133-A-bug-18048780-18048793,4,87,32,32,32,55,0,25
133-A-bug-18066416-18066518,4,88,65,13,13,75,52,25
133-A-bug-18158271-18158334,4,88,65,13,13,75,52,23
133-A-bug-18158313-18158334,4,90,72,12,12,78,60,24
133-A-bug-18217634-18217677,4,88,81,13,7,75,74,27
133-A-bug-18285631-18285709,4,88,65,13,13,75,52,23
133-A-bug-18285699-18285856,4,88,54,69,35,19,19,31
133-A-bug-18285725-18285856,4,88,65,13,13,75,52,23
133-A-bug-18286216-18286228,4,88,65,13,13,75,52,23
133-A-bug-18292018-18292024,4,88,65,13,13,75,52,24
133-A-bug-18296173-18296188,4,88,79,13,5,75,74,30
133-A-bug-18327759-18327824,4,88,65,13,13,75,52,24
133-A-bug-18348504-18348539,4,88,77,13,7,75,70,23
133-A-bug-18355672-18355701,4,88,65,13,13,75,52,23
133-C-bug-925626-925706,4,19,19,19,19,0,0,24
133-C-bug-927836-927839,4,19,19,8,8,11,11,6
137-A-bug-11590458-11590515,4,50,38,15,3,35,35,35
137-A-bug-8134102-8134128,4,50,42,9,7,41,35,29
147-A-bug-1015775-1015776,4,78,49,46,46,32,3,24
147-A-bug-1045602-1045611,4,79,47,45,45,34,2,31
147-A-bug-1045605-1045611,4,78,44,44,44,34,0,27
174-B-bug-1501641-1501825,4,69,66,4,1,65,65,45
174-B-bug-1504776-1504783,4,90,86,6,2,84,84,63
180-C-bug-15764515-15764561,4,20,13,6,2,14,11,29
197-C-bug-11986074-11986110,4,23,12,23,12,0,0,25
197-C-bug-2103086-2103090,4,23,21,6,4,17,17,26
202-A-bug-1864388-1905671,4,59,32,29,8,30,24,28
202-A-bug-1938570-1938571,4,59,59,59,59,0,0,25
208-A-bug-17532993-17533015,4,73,59,59,59,14,0,25
208-A-bug-17922157-17922172,4,25,15,15,15,10,0,25
208-A-bug-18102368-18102377,4,62,62,62,62,0,0,29
208-A-bug-18110250-18110255,4,74,13,68,7,6,6,35
208-A-bug-18123262-18123289,4,74,12,68,6,6,6,42
208-A-bug-18123271-18123289,4,74,31,68,25,6,6,36
208-A-bug-18260832-18260860,4,74,41,41,41,33,0,26
208-A-bug-18266864-18266892,4,81,39,31,31,50,8,44
208-A-bug-18351096-18351104,4,74,33,33,33,41,0,25
236-A-bug-18003726-18007529,4,91,64,39,39,52,25,62
236-A-bug-18003976-18004085,4,89,89,89,89,0,0,27
236-A-bug-18007495-18007529,4,89,89,89,89,0,0,29
236-A-bug-18227052-18227120,4,91,64,39,38,52,26,51
236-A-bug-18338107-18338153,4,91,60,37,20,54,40,56
245-B-bug-15450004-15450022,4,26,18,4,2,22,16,46
245-B-bug-15926715-15927032,4,26,23,4,1,22,22,48
276-B-bug-10441668-10441759,4,33,28,6,1,27,27,25
276-B-bug-13314488-13314500,4,33,31,6,5,27,26,25
276-B-bug-15034096-15034124,4,46,41,6,1,40,40,25
276-B-bug-4820773-4820788,4,33,29,6,5,27,24,25
276-B-bug-5933556-5940552,4,41,37,6,5,35,32,25
276-B-bug-5933573-5940552,4,41,36,6,1,35,35,40
276-B-bug-6188908-6188949,4,41,37,6,5,35,32,24
281-A-bug-18132658-18132720,4,49,49,3,3,46,46,23
281-A-bug-18294879-18294887,4,28,28,28,28,0,0,24
291-B-bug-3524194-3524237,4,21,3,21,3,0,0,9
291-B-bug-3537395-3537438,4,21,8,4,4,17,4,34
291-B-bug-3539893-3539896,4,23,4,4,4,19,0,24
291-B-bug-3726598-3726610,4,23,4,4,4,19,0,24
291-B-bug-6753127-6753143,4,31,4,2,2,29,2,30
316-A1-bug-3879223-3879239,4,35,16,4,4,31,12,30
316-A2-bug-3868271-3868327,4,27,17,17,17,10,0,23
316-A2-bug-3876995-3877003,4,36,26,4,4,32,22,37
31-B-bug-10514546-10514583,4,84,15,9,9,75,6,24
31-B-bug-10514554-10514583,4,84,36,9,9,75,27,25
31-B-bug-136044-136045,4,68,42,48,22,20,20,24
31-B-bug-512116-512120,4,68,40,40,40,28,0,24
31-B-bug-6435804-6435825,4,90,72,5,4,85,68,28
353-D-bug-4926926-4926955,4,27,18,9,1,18,17,45
353-D-bug-6175754-6175760,4,24,19,6,1,18,18,45
363-C-bug-13754002-13754097,4,45,45,2,2,43,43,40
363-C-bug-5405641-5405684,4,31,25,9,3,22,22,36
385-B-bug-11063177-11063186,4,17,14,8,5,9,9,35
385-B-bug-17596493-17596993,4,17,16,3,2,14,14,50
385-B-bug-6898992-6898998,4,17,11,8,2,9,9,48
393-A-bug-10224824-10224841,4,77,49,3,3,74,46,26
393-A-bug-12975319-12975331,4,68,61,7,2,61,59,24
393-A-bug-13882866-13882981,4,62,46,21,5,41,41,64
393-A-bug-13915086-13915488,4,72,60,13,1,59,59,151
393-A-bug-13915169-13915488,4,102,97,6,1,96,96,54
393-A-bug-14052177-14052206,4,62,47,9,1,53,46,85
411-A-bug-14678684-14678713,4,143,80,5,5,138,75,41
411-A-bug-9661639-9661654,4,143,80,5,5,138,75,41
41-C-bug-10642948-10642983,4,56,36,21,1,35,35,58
41-C-bug-10642957-10642983,4,55,46,10,1,45,45,48
41-C-bug-10642972-10642983,4,55,52,4,1,51,51,51
41-C-bug-10643130-10643148,4,57,30,31,4,26,26,45
41-C-bug-16825894-16825911,4,57,37,21,1,36,36,37
41-C-bug-17904918-17904940,4,92,85,2,2,90,83,58
41-C-bug-17904924-17904940,4,56,36,21,1,35,35,44
41-C-bug-17917572-17917578,4,63,51,16,4,47,47,30
41-C-bug-187321-187384,4,56,35,21,1,35,34,51
41-C-bug-736212-736216,4,63,53,16,6,47,47,32
420-A-bug-13091991-13091997,4,79,57,23,1,56,56,24
420-A-bug-14171953-14171970,4,78,74,7,4,71,70,26
420-A-bug-14755133-14755144,4,129,129,5,5,124,124,24
420-A-bug-16671795-16671832,4,79,49,43,31,36,18,26
451-D-bug-7249921-7249950,4,19,19,17,17,2,2,23
505-A-bug-10101095-10101109,4,56,50,6,5,50,45,38
505-A-bug-10513326-10513335,4,43,30,17,16,26,14,30
538-A-bug-14000679-14000824,4,79,78,3,2,76,76,77
538-A-bug-16876247-16876282,4,102,102,2,2,100,100,65
550-A-bug-17839318-17839327,4,83,79,12,9,71,70,43
575-D-bug-12872706-12872745,4,3,3,3,3,0,0,29
58-A-bug-17762757-17762804,4,45,7,7,7,38,0,27
58-A-bug-18163826-18163845,4,42,17,17,17,25,0,24
58-A-bug-18231253-18231295,4,43,40,5,2,38,38,41
59-A-bug-17307162-17307176,4,34,34,34,34,0,0,29
59-A-bug-17706574-17706595,4,43,40,3,0,40,40,260
600-A-bug-18147663-18147679,4,37,35,3,1,34,34,26
600-A-bug-18147672-18147679,4,37,17,3,3,34,14,25
665-C-bug-17762752-17762802,4,21,21,4,4,17,17,24
677-C-bug-18206311-18206325,4,21,17,17,17,4,0,23
677-C-bug-18262604-18262617,4,21,16,16,16,5,0,24
8-B-bug-17229415-17229625,4,69,57,15,4,54,53,69
8-B-bug-36489-36547,4,91,91,2,2,89,89,25
8-B-bug-37890-37891,4,82,75,8,1,74,74,68
8-B-bug-459037-459038,4,63,50,63,50,0,0,26
113-A-bug-683826-683913,5,356,304,53,1,303,303,84
113-A-bug-691902-691903,5,360,336,25,1,335,335,64
118-A-bug-18073097-18080639,5,57,53,15,11,42,42,29
118-A-bug-18103516-18103560,5,57,51,15,9,42,42,32
118-A-bug-18109879-18109907,5,57,53,15,11,42,42,26
118-A-bug-18134274-18134357,5,57,53,15,11,42,42,29
118-A-bug-18144017-18166218,5,75,72,4,1,71,71,260
118-A-bug-18174609-18174835,5,57,47,15,5,42,42,29
118-A-bug-18174643-18174835,5,57,53,15,11,42,42,28
118-A-bug-18174652-18174835,5,57,46,15,4,42,42,30
118-A-bug-18174751-18174835,5,57,46,15,4,42,42,29
118-A-bug-18282023-18282195,5,57,47,15,5,42,42,29
118-A-bug-18294639-18294683,5,57,53,15,11,42,42,29
118-A-bug-18327752-18328450,5,57,57,11,11,46,46,26
126-B-bug-16617781-16617816,5,48,41,8,1,40,40,34
126-B-bug-6462704-6462737,5,48,41,10,3,38,38,26
131-A-bug-18069181-18073244,5,61,50,10,6,51,44,24
131-A-bug-18178430-18178436,5,65,62,4,4,61,58,24
131-A-bug-18178468-18252378,5,62,55,10,4,52,51,24
131-A-bug-18296690-18296701,5,65,62,4,4,61,58,24
133-A-bug-17969403-17975791,5,88,65,13,13,75,52,23
133-A-bug-17992884-17992958,5,88,65,13,13,75,52,24
133-A-bug-17993292-17993355,5,88,78,13,3,75,75,29
133-A-bug-18047608-18047662,5,88,65,13,13,75,52,24
133-A-bug-18048780-18048793,5,87,32,32,32,55,0,23
133-A-bug-18066416-18066518,5,88,79,13,4,75,75,28
133-A-bug-18158271-18158334,5,88,65,13,13,75,52,24
133-A-bug-18217634-18217677,5,88,77,13,7,75,70,24
133-A-bug-18285631-18285709,5,88,79,13,5,75,74,30
133-A-bug-18285699-18285856,5,88,54,69,35,19,19,23
133-A-bug-18285725-18285856,5,88,65,13,13,75,52,24
133-A-bug-18292018-18292024,5,88,65,13,13,75,52,23
133-A-bug-18296173-18296188,5,88,77,13,7,75,70,23
133-A-bug-18327759-18327824,5,88,79,13,5,75,74,30
133-A-bug-18348504-18348539,5,88,65,13,13,75,52,23
133-A-bug-18355672-18355701,5,88,80,13,6,75,74,28
133-C-bug-925626-925706,5,19,19,19,19,0,0,24
133-C-bug-927836-927839,5,19,19,8,8,11,11,9
137-A-bug-11590458-11590515,5,50,42,15,7,35,35,44
137-A-bug-8134102-8134128,5,50,42,9,7,41,35,29
147-A-bug-1045602-1045611,5,79,47,45,45,34,2,32
147-A-bug-1045605-1045611,5,78,44,44,44,34,0,27
147-A-bug-12915557-12915622,5,74,40,38,38,36,2,29
174-B-bug-1501641-1501825,5,69,65,4,2,65,63,55
180-C-bug-15764515-15764561,5,20,8,6,6,14,2,25
197-C-bug-11986074-11986110,5,23,23,23,23,0,0,25
197-C-bug-2103086-2103090,5,23,23,6,6,17,17,24
202-A-bug-1864388-1905671,5,59,36,29,14,30,22,32
202-A-bug-1938570-1938571,5,59,59,59,59,0,0,24
208-A-bug-17292049-17292076,5,73,40,41,39,32,1,31
208-A-bug-17532993-17533015,5,73,59,59,59,14,0,29
208-A-bug-17922157-17922172,5,25,15,15,15,10,0,24
208-A-bug-18102368-18102377,5,62,62,62,62,0,0,28
208-A-bug-18110250-18110255,5,74,10,68,4,6,6,32
208-A-bug-18123262-18123289,5,74,12,68,6,6,6,35
208-A-bug-18123271-18123289,5,74,11,68,5,6,6,36
208-A-bug-18351096-18351104,5,74,33,33,33,41,0,27
236-A-bug-18003726-18007529,5,91,64,39,39,52,25,54
236-A-bug-18003976-18004085,5,89,89,89,89,0,0,27
236-A-bug-18007495-18007529,5,89,89,89,89,0,0,26
236-A-bug-18227052-18227120,5,91,64,39,39,52,25,51
236-A-bug-18338107-18338153,5,91,52,37,10,54,42,60
245-B-bug-15450004-15450022,5,26,24,4,2,22,22,46
245-B-bug-15926715-15927032,5,26,18,4,2,22,16,46
276-B-bug-10441668-10441759,5,33,28,6,1,27,27,25
276-B-bug-13314488-13314500,5,33,29,6,5,27,24,25
276-B-bug-14833281-14833300,5,41,21,6,5,35,16,24
276-B-bug-15034096-15034124,5,46,41,6,1,40,40,25
276-B-bug-16707425-16707470,5,35,25,11,4,24,21,34
276-B-bug-4820773-4820788,5,33,29,6,5,27,24,24
276-B-bug-5933556-5940552,5,41,37,6,5,35,32,25
276-B-bug-5933573-5940552,5,41,37,6,5,35,32,24
281-A-bug-18132658-18132720,5,49,49,3,3,46,46,23
281-A-bug-18294879-18294887,5,28,28,28,28,0,0,24
291-B-bug-3524194-3524237,5,21,18,21,18,0,0,6
291-B-bug-3537395-3537438,5,21,6,4,4,17,2,35
291-B-bug-3539893-3539896,5,23,4,4,4,19,0,24
291-B-bug-3726598-3726610,5,23,4,4,4,19,0,24
291-B-bug-6753127-6753143,5,31,7,2,2,29,5,30
316-A1-bug-3879223-3879239,5,35,12,4,2,31,10,25
316-A2-bug-3876995-3877003,5,36,26,4,4,32,22,36
31-B-bug-10514554-10514583,5,84,14,9,8,75,6,29
31-B-bug-10514570-10514583,5,96,40,7,6,89,34,30
31-B-bug-136044-136045,5,68,33,48,13,20,20,31
31-B-bug-14199570-14199578,5,74,9,9,9,65,0,24
31-B-bug-14288247-14288278,5,74,14,9,8,65,6,29
31-B-bug-6435804-6435825,5,90,72,5,4,85,68,28
353-D-bug-4926926-4926955,5,27,18,9,1,18,17,52
353-D-bug-6175754-6175760,5,24,21,6,3,18,18,54
363-C-bug-13754002-13754097,5,45,45,2,2,43,43,40
385-B-bug-11063177-11063186,5,17,14,8,5,9,9,35
385-B-bug-17596493-17596993,5,17,16,3,2,14,14,50
385-B-bug-6898992-6898998,5,17,11,8,2,9,9,48
393-A-bug-10224824-10224841,5,77,73,3,1,74,72,26
393-A-bug-12975319-12975331,5,68,25,7,5,61,20,29
393-A-bug-13882866-13882981,5,62,42,21,1,41,41,123
393-A-bug-13915086-13915488,5,72,60,13,1,59,59,233
393-A-bug-13915169-13915488,5,102,97,6,1,96,96,148
393-A-bug-14052177-14052206,5,62,55,9,2,53,53,51
411-A-bug-14678684-14678713,5,143,80,5,5,138,75,41
411-A-bug-9661639-9661654,5,143,80,5,5,138,75,41
41-C-bug-10642948-10642983,5,56,36,21,1,35,35,37
41-C-bug-10642957-10642983,5,55,46,10,1,45,45,48
41-C-bug-10642972-10642983,5,55,53,4,2,51,51,47
41-C-bug-10643130-10643148,5,57,27,31,1,26,26,66
41-C-bug-16825894-16825911,5,57,37,21,1,36,36,37
41-C-bug-17904918-17904940,5,92,85,2,2,90,83,58
41-C-bug-17904924-17904940,5,56,38,21,3,35,35,40
41-C-bug-17917572-17917578,5,63,51,16,4,47,47,34
41-C-bug-187321-187384,5,56,37,21,2,35,35,40
41-C-bug-736212-736216,5,63,49,16,2,47,47,32
420-A-bug-13091991-13091997,5,79,61,23,16,56,45,24
420-A-bug-14171953-14171970,5,78,74,7,4,71,70,26
420-A-bug-14755133-14755144,5,129,129,5,5,124,124,25
420-A-bug-16671795-16671832,5,79,50,43,43,36,7,26
451-D-bug-7249921-7249950,5,19,8,17,6,2,2,25
505-A-bug-10101095-10101109,5,56,50,6,5,50,45,38
505-A-bug-10513326-10513335,5,43,30,17,16,26,14,31
538-A-bug-14000679-14000824,5,79,78,3,2,76,76,77
538-A-bug-16876247-16876282,5,102,102,2,2,100,100,65
550-A-bug-17839318-17839327,5,83,79,12,9,71,70,36
575-D-bug-12872706-12872745,5,3,3,3,3,0,0,24
58-A-bug-17762757-17762804,5,45,7,7,7,38,0,26
58-A-bug-18163826-18163845,5,42,17,17,17,25,0,29
58-A-bug-18231253-18231295,5,43,40,5,2,38,38,41
59-A-bug-17307162-17307176,5,34,34,34,34,0,0,24
59-A-bug-17706574-17706595,5,43,40,3,0,40,40,261
600-A-bug-18147663-18147679,5,37,36,3,2,34,34,25
600-A-bug-18147672-18147679,5,37,36,3,2,34,34,25
665-C-bug-17762752-17762802,5,21,21,4,4,17,17,24
677-C-bug-18192762-18193123,5,26,16,16,16,10,0,24
8-B-bug-17229415-17229625,5,69,54,15,4,54,50,38
8-B-bug-36489-36547,5,91,91,2,2,89,89,25
8-B-bug-37890-37891,5,82,75,8,1,74,74,68
8-B-bug-459037-459038,5,63,55,63,55,0,0,25
113-A-bug-683826-683913,6,356,304,53,4,303,300,60
113-A-bug-691902-691903,6,360,335,25,2,335,333,67
118-A-bug-18073097-18080639,6,57,51,15,9,42,42,23
118-A-bug-18103516-18103560,6,57,53,15,11,42,42,28
118-A-bug-18109879-18109907,6,57,49,15,7,42,42,29
118-A-bug-18134274-18134357,6,57,49,15,7,42,42,31
118-A-bug-18174609-18174835,6,57,49,15,7,42,42,31
118-A-bug-18174643-18174835,6,57,49,15,7,42,42,31
118-A-bug-18174652-18174835,6,57,53,15,11,42,42,26
118-A-bug-18174751-18174835,6,57,53,15,11,42,42,26
118-A-bug-18282023-18282195,6,57,51,15,9,42,42,30
118-A-bug-18294639-18294683,6,57,46,15,4,42,42,29
118-A-bug-18327752-18328450,6,57,48,11,2,46,46,27
126-B-bug-16617781-16617816,6,48,41,8,1,40,40,46
126-B-bug-6462704-6462737,6,48,39,10,1,38,38,34
131-A-bug-18069181-18073244,6,61,50,10,6,51,44,24
131-A-bug-18178430-18178436,6,65,62,4,4,61,58,24
131-A-bug-18178468-18252378,6,62,10,10,10,52,0,23
131-A-bug-18296690-18296701,6,65,64,4,4,61,60,24
133-A-bug-17992884-17992958,6,88,79,13,5,75,74,30
133-A-bug-17993292-17993355,6,88,65,13,13,75,52,24
133-A-bug-18017249-18017267,6,88,65,13,13,75,52,25
133-A-bug-18047608-18047662,6,88,80,13,5,75,75,27
133-A-bug-18066416-18066518,6,88,65,13,13,75,52,24
133-A-bug-18158271-18158334,6,88,65,13,13,75,52,25
133-A-bug-18158313-18158334,6,90,72,12,12,78,60,29
133-A-bug-18217634-18217677,6,88,79,13,5,75,74,29
133-A-bug-18285631-18285709,6,88,65,13,13,75,52,24
133-A-bug-18285699-18285856,6,88,54,69,35,19,19,28
133-A-bug-18285725-18285856,6,88,79,13,5,75,74,29
133-A-bug-18286216-18286228,6,88,65,13,13,75,52,25
133-A-bug-18292018-18292024,6,88,79,13,5,75,74,30
133-A-bug-18296173-18296188,6,88,81,13,7,75,74,25
133-A-bug-18327759-18327824,6,88,65,13,13,75,52,24
133-A-bug-18348504-18348539,6,88,65,13,13,75,52,24
133-A-bug-18355672-18355701,6,88,80,13,6,75,74,28
133-C-bug-925626-925706,6,19,19,19,19,0,0,26
133-C-bug-927836-927839,6,19,19,8,8,11,11,5
137-A-bug-11590458-11590515,6,50,42,15,8,35,34,46
137-A-bug-8134102-8134128,6,50,43,9,2,41,41,47
147-A-bug-1015775-1015776,6,78,48,46,46,32,2,28
147-A-bug-1045602-1045611,6,79,46,45,44,34,2,30
147-A-bug-1045605-1045611,6,78,44,44,44,34,0,27
147-A-bug-12915557-12915622,6,74,47,38,23,36,24,27
174-B-bug-1501641-1501825,6,69,66,4,1,65,65,45
174-B-bug-1504776-1504783,6,90,86,6,2,84,84,63
180-C-bug-15764515-15764561,6,20,6,6,6,14,0,25
197-C-bug-11986074-11986110,6,23,3,23,3,0,0,25
197-C-bug-2103086-2103090,6,23,23,6,6,17,17,28
202-A-bug-1864388-1905671,6,59,39,29,28,30,11,26
202-A-bug-1938570-1938571,6,59,59,59,59,0,0,25
208-A-bug-17922157-17922172,6,25,15,15,15,10,0,23
208-A-bug-18102368-18102377,6,62,62,62,62,0,0,29
208-A-bug-18123262-18123289,6,74,26,68,20,6,6,34
208-A-bug-18351096-18351104,6,74,33,33,33,41,0,26
236-A-bug-18003726-18007529,6,91,64,39,38,52,26,73
236-A-bug-18003976-18004085,6,89,89,89,89,0,0,25
236-A-bug-18007495-18007529,6,89,89,89,89,0,0,27
236-A-bug-18227052-18227120,6,91,64,39,38,52,26,59
236-A-bug-18338107-18338153,6,91,57,37,13,54,44,45
245-B-bug-15450004-15450022,6,26,23,4,1,22,22,48
245-B-bug-15926715-15927032,6,26,18,4,2,22,16,46
276-B-bug-10441668-10441759,6,33,28,6,1,27,27,40
276-B-bug-13314488-13314500,6,33,29,6,5,27,24,25
276-B-bug-14833281-14833300,6,41,37,6,5,35,32,25
276-B-bug-15034096-15034124,6,46,41,6,1,40,40,25
276-B-bug-4820773-4820788,6,33,28,6,1,27,27,25
276-B-bug-5933556-5940552,6,41,37,6,5,35,32,24
276-B-bug-6188908-6188949,6,41,37,6,5,35,32,24
281-A-bug-18132658-18132720,6,49,49,3,3,46,46,24
291-B-bug-3524194-3524237,6,21,18,21,18,0,0,6
291-B-bug-3537395-3537438,6,21,6,4,4,17,2,34
291-B-bug-3539893-3539896,6,23,4,4,4,19,0,24
291-B-bug-3726598-3726610,6,23,4,4,4,19,0,24
291-B-bug-6753127-6753143,6,31,4,2,2,29,2,30
316-A1-bug-3879223-3879239,6,35,12,4,4,31,8,33
316-A2-bug-3868271-3868327,6,27,17,17,17,10,0,30
316-A2-bug-3876995-3877003,6,36,26,4,4,32,22,36
31-B-bug-10514546-10514583,6,84,9,9,9,75,0,24
31-B-bug-10514554-10514583,6,84,9,9,9,75,0,24
31-B-bug-10514570-10514583,6,96,40,7,6,89,34,30
31-B-bug-136044-136045,6,68,56,48,48,20,8,26
31-B-bug-14199570-14199578,6,74,10,9,9,65,1,31
31-B-bug-512114-512120,6,72,14,9,8,63,6,29
31-B-bug-512116-512120,6,68,40,40,40,28,0,24
31-B-bug-6435804-6435825,6,90,72,5,4,85,68,27
353-D-bug-4926926-4926955,6,27,20,9,2,18,18,43
353-D-bug-6175754-6175760,6,24,21,6,3,18,18,54
363-C-bug-13754002-13754097,6,45,45,2,2,43,43,40
385-B-bug-11063177-11063186,6,17,11,8,2,9,9,50
385-B-bug-17596493-17596993,6,17,16,3,2,14,14,50
385-B-bug-6898992-6898998,6,17,12,8,3,9,9,38
385-B-bug-9215199-9215223,6,17,5,10,3,7,2,35
393-A-bug-10224824-10224841,6,77,4,3,3,74,1,27
393-A-bug-12975319-12975331,6,68,7,7,7,61,0,23
393-A-bug-13882866-13882981,6,62,42,21,1,41,41,89
393-A-bug-13915086-13915488,6,72,60,13,1,59,59,356
393-A-bug-13915169-13915488,6,102,99,6,3,96,96,119
393-A-bug-14052177-14052206,6,62,54,9,2,53,52,74
411-A-bug-14678684-14678713,6,143,80,5,5,138,75,41
411-A-bug-9661639-9661654,6,143,80,5,5,138,75,41
41-C-bug-10642948-10642983,6,56,36,21,1,35,35,42
41-C-bug-10642957-10642983,6,55,48,10,3,45,45,42
41-C-bug-10642972-10642983,6,55,52,4,1,51,51,48
41-C-bug-10643130-10643148,6,57,31,31,5,26,26,46
41-C-bug-16825894-16825911,6,57,38,21,2,36,36,37
41-C-bug-17904918-17904940,6,92,85,2,2,90,83,58
41-C-bug-17904924-17904940,6,56,37,21,2,35,35,37
41-C-bug-17917572-17917578,6,63,53,16,6,47,47,34
41-C-bug-187321-187384,6,56,37,21,3,35,34,57
41-C-bug-736212-736216,6,63,54,16,7,47,47,28
420-A-bug-13091991-13091997,6,79,51,23,16,56,35,24
420-A-bug-14171953-14171970,6,78,68,7,6,71,62,30
420-A-bug-14755133-14755144,6,129,129,5,5,124,124,24
420-A-bug-16671795-16671832,6,79,49,43,43,36,6,24
451-D-bug-7249921-7249950,6,19,8,17,6,2,2,25
505-A-bug-10101095-10101109,6,56,50,6,5,50,45,38
505-A-bug-10513326-10513335,6,43,30,17,16,26,14,31
538-A-bug-14000679-14000824,6,79,77,3,1,76,76,53
538-A-bug-16876247-16876282,6,102,102,2,2,100,100,65
575-D-bug-12872706-12872745,6,3,3,3,3,0,0,29
58-A-bug-17762757-17762804,6,45,7,7,7,38,0,24
58-A-bug-18163826-18163845,6,42,17,17,17,25,0,29
58-A-bug-18231253-18231295,6,43,41,5,3,38,38,61
59-A-bug-17307162-17307176,6,34,34,34,34,0,0,29
600-A-bug-18147663-18147679,6,37,18,3,3,34,15,25
600-A-bug-18147672-18147679,6,37,34,3,1,34,33,26
665-C-bug-17762752-17762802,6,21,21,4,4,17,17,24
677-C-bug-18206311-18206325,6,21,17,17,17,4,0,24
677-C-bug-18262604-18262617,6,21,16,16,16,5,0,24
8-B-bug-17229415-17229625,6,69,57,15,5,54,52,54
8-B-bug-36489-36547,6,91,91,2,2,89,89,25
8-B-bug-37890-37891,6,82,75,8,1,74,74,118
8-B-bug-459037-459038,6,63,55,63,55,0,0,25
113-A-bug-683826-683913,7,356,303,53,2,303,301,52
113-A-bug-691902-691903,7,360,333,25,3,335,330,58
118-A-bug-18073097-18080639,7,57,46,15,4,42,42,30
118-A-bug-18103516-18103560,7,57,51,15,9,42,42,32
118-A-bug-18109879-18109907,7,57,47,15,5,42,42,29
118-A-bug-18134274-18134357,7,57,51,15,9,42,42,32
118-A-bug-18174609-18174835,7,57,53,15,11,42,42,26
118-A-bug-18174643-18174835,7,57,53,15,11,42,42,28
118-A-bug-18174652-18174835,7,57,53,15,11,42,42,25
118-A-bug-18174751-18174835,7,57,51,15,9,42,42,30
118-A-bug-18282023-18282195,7,57,53,15,11,42,42,26
118-A-bug-18294639-18294683,7,57,53,15,11,42,42,28
118-A-bug-18327752-18328450,7,57,57,11,11,46,46,29
123-A-bug-1869815-1869826,7,34,20,17,3,17,17,31
124-C-bug-5745829-5746012,7,62,26,8,3,54,23,25
126-B-bug-16617781-16617816,7,48,41,8,1,40,40,46
126-B-bug-6462704-6462737,7,48,40,10,2,38,38,27
131-A-bug-18069181-18073244,7,61,10,10,10,51,0,29
131-A-bug-18178430-18178436,7,65,64,4,4,61,60,24
131-A-bug-18178468-18252378,7,62,11,10,10,52,1,23
131-A-bug-18296690-18296701,7,65,62,4,4,61,58,24
133-A-bug-17969403-17975791,7,88,79,13,4,75,75,28
133-A-bug-17992884-17992958,7,88,81,13,7,75,74,24
133-A-bug-17993292-17993355,7,88,79,13,5,75,74,29
133-A-bug-18017249-18017267,7,88,65,13,13,75,52,23
133-A-bug-18047608-18047662,7,88,65,13,13,75,52,24
133-A-bug-18048780-18048793,7,87,41,32,32,55,9,25
133-A-bug-18066416-18066518,7,88,65,13,13,75,52,24
133-A-bug-18158271-18158334,7,88,65,13,13,75,52,23
133-A-bug-18217634-18217677,7,88,81,13,7,75,74,24
133-A-bug-18285631-18285709,7,88,65,13,13,75,52,23
133-A-bug-18285699-18285856,7,88,54,69,35,19,19,25
133-A-bug-18285725-18285856,7,88,80,13,6,75,74,28
133-A-bug-18286216-18286228,7,88,80,13,6,75,74,28
133-A-bug-18292018-18292024,7,88,81,13,7,75,74,25
133-A-bug-18296173-18296188,7,88,65,13,13,75,52,24
133-A-bug-18327759-18327824,7,88,77,13,7,75,70,23
133-A-bug-18348504-18348539,7,88,80,13,6,75,74,28
133-A-bug-18355672-18355701,7,88,81,13,7,75,74,25
133-C-bug-925626-925706,7,19,19,19,19,0,0,28
133-C-bug-927836-927839,7,19,19,8,8,11,11,6
137-A-bug-11590458-11590515,7,50,42,15,9,35,33,36
137-A-bug-8134102-8134128,7,50,37,9,9,41,28,28
147-A-bug-1015775-1015776,7,78,46,46,46,32,0,27
147-A-bug-1045605-1045611,7,78,49,44,24,34,25,29
147-A-bug-12915557-12915622,7,74,40,38,38,36,2,26
174-B-bug-1501641-1501825,7,69,66,4,1,65,65,66
174-B-bug-1504776-1504783,7,90,86,6,2,84,84,63
180-C-bug-15764515-15764561,7,20,12,6,6,14,6,29
197-C-bug-11986074-11986110,7,23,23,23,23,0,0,27
197-C-bug-2103086-2103090,7,23,21,6,4,17,17,26
202-A-bug-1864388-1905671,7,59,39,29,27,30,12,26
202-A-bug-1938570-1938571,7,59,39,59,39,0,0,25
208-A-bug-17292049-17292076,7,73,41,41,41,32,0,24
208-A-bug-17532993-17533015,7,73,56,59,56,14,0,29
208-A-bug-18102368-18102377,7,62,62,62,62,0,0,24
208-A-bug-18110250-18110255,7,74,12,68,6,6,6,35
208-A-bug-18123262-18123289,7,74,14,68,8,6,6,40
236-A-bug-18003726-18007529,7,91,64,39,39,52,25,70
236-A-bug-18003976-18004085,7,89,89,89,89,0,0,28
236-A-bug-18007495-18007529,7,89,89,89,89,0,0,27
236-A-bug-18227052-18227120,7,91,64,39,38,52,26,60
236-A-bug-18338107-18338153,7,91,62,37,36,54,26,62
245-B-bug-15450004-15450022,7,26,19,4,3,22,16,43
245-B-bug-15926715-15927032,7,26,24,4,2,22,22,46
276-B-bug-10441668-10441759,7,33,29,6,5,27,24,25
276-B-bug-14833281-14833300,7,41,37,6,5,35,32,24
276-B-bug-15034096-15034124,7,46,40,6,5,40,35,24
276-B-bug-5933556-5940552,7,41,37,6,5,35,32,24
276-B-bug-5933573-5940552,7,41,36,6,1,35,35,40
276-B-bug-6188908-6188949,7,41,36,6,1,35,35,25
281-A-bug-18132658-18132720,7,49,49,3,3,46,46,24
291-B-bug-3524194-3524237,7,21,3,21,3,0,0,9
291-B-bug-3537395-3537438,7,21,7,4,4,17,3,34
291-B-bug-3539893-3539896,7,23,4,4,4,19,0,24
291-B-bug-3726598-3726610,7,23,4,4,4,19,0,24
291-B-bug-6753127-6753143,7,31,4,2,2,29,2,30
316-A1-bug-3879223-3879239,7,35,16,4,4,31,12,30
316-A2-bug-3868271-3868327,7,27,18,17,17,10,1,24
316-A2-bug-3876995-3877003,7,36,33,4,1,32,32,36
31-B-bug-10514546-10514583,7,84,10,9,9,75,1,31
31-B-bug-10514554-10514583,7,84,36,9,9,75,27,25
31-B-bug-10514570-10514583,7,96,40,7,6,89,34,32
31-B-bug-136044-136045,7,68,42,48,22,20,20,24
31-B-bug-14199570-14199578,7,74,9,9,9,65,0,24
31-B-bug-14288247-14288278,7,74,9,9,9,65,0,24
31-B-bug-512114-512120,7,72,9,9,9,63,0,24
31-B-bug-512116-512120,7,68,41,40,13,28,28,24
353-D-bug-4926926-4926955,7,27,18,9,1,18,17,47
353-D-bug-6175754-6175760,7,24,19,6,1,18,18,45
363-C-bug-13754002-13754097,7,45,45,2,2,43,43,40
363-C-bug-5405641-5405684,7,31,25,9,3,22,22,36
385-B-bug-11063177-11063186,7,17,12,8,3,9,9,38
385-B-bug-17596493-17596993,7,17,16,3,2,14,14,50
385-B-bug-6898992-6898998,7,17,14,8,5,9,9,35
393-A-bug-10224824-10224841,7,77,4,3,3,74,1,27
393-A-bug-12975319-12975331,7,68,25,7,5,61,20,29
393-A-bug-13882866-13882981,7,62,42,21,1,41,41,228
393-A-bug-13915086-13915488,7,72,60,13,1,59,59,356
393-A-bug-13915169-13915488,7,102,97,6,1,96,96,148
393-A-bug-14052177-14052206,7,62,49,9,1,53,48,86
411-A-bug-14678684-14678713,7,143,80,5,5,138,75,38
411-A-bug-9661639-9661654,7,143,80,5,5,138,75,41
41-C-bug-10642948-10642983,7,56,38,21,3,35,35,40
41-C-bug-10642957-10642983,7,55,48,10,3,45,45,42
41-C-bug-10642972-10642983,7,55,52,4,1,51,51,48
41-C-bug-10643130-10643148,7,57,27,31,1,26,26,75
41-C-bug-16825894-16825911,7,57,37,21,1,36,36,58
41-C-bug-17904918-17904940,7,92,92,2,2,90,90,58
41-C-bug-17904924-17904940,7,56,36,21,1,35,35,47
41-C-bug-17917572-17917578,7,63,48,16,1,47,47,35
41-C-bug-187321-187384,7,56,35,21,1,35,34,51
41-C-bug-736212-736216,7,63,51,16,4,47,47,32
420-A-bug-13091991-13091997,7,79,50,23,16,56,34,24
420-A-bug-14171953-14171970,7,78,74,7,4,71,70,26
420-A-bug-14755133-14755144,7,129,129,5,5,124,124,26
420-A-bug-16671795-16671832,7,79,53,43,43,36,10,24
451-D-bug-7249921-7249950,7,19,9,17,7,2,2,26
505-A-bug-10101095-10101109,7,56,50,6,5,50,45,38
505-A-bug-10513326-10513335,7,43,34,17,16,26,18,33
538-A-bug-14000679-14000824,7,79,77,3,1,76,76,53
538-A-bug-16876247-16876282,7,102,102,2,2,100,100,65
550-A-bug-17839318-17839327,7,83,72,12,1,71,71,31
575-D-bug-12872706-12872745,7,3,3,3,3,0,0,24
58-A-bug-17762757-17762804,7,45,7,7,7,38,0,26
58-A-bug-18163826-18163845,7,42,17,17,17,25,0,29
58-A-bug-18231253-18231295,7,43,41,5,3,38,38,61
59-A-bug-17307162-17307176,7,34,34,34,34,0,0,27
600-A-bug-18147663-18147679,7,37,35,3,1,34,34,26
600-A-bug-18147672-18147679,7,37,17,3,3,34,14,25
665-C-bug-17762752-17762802,7,21,21,4,4,17,17,24
677-C-bug-18206311-18206325,7,21,17,17,17,4,0,23
677-C-bug-18262604-18262617,7,21,16,16,16,5,0,24
8-B-bug-17229415-17229625,7,69,57,15,4,54,53,69
8-B-bug-36489-36547,7,91,91,2,2,89,89,25
8-B-bug-37890-37891,7,82,75,8,1,74,74,38
8-B-bug-459037-459038,7,63,41,63,41,0,0,28
113-A-bug-683826-683913,8,356,304,53,3,303,301,75
113-A-bug-691902-691903,8,360,339,25,4,335,335,79
118-A-bug-18073097-18080639,8,57,51,15,9,42,42,23
118-A-bug-18103516-18103560,8,57,51,15,9,42,42,23
118-A-bug-18109879-18109907,8,57,53,15,11,42,42,26
118-A-bug-18134274-18134357,8,57,49,15,7,42,42,29
118-A-bug-18144017-18166218,8,75,72,4,1,71,71,264
118-A-bug-18174609-18174835,8,57,53,15,11,42,42,28
118-A-bug-18174643-18174835,8,57,49,15,7,42,42,29
118-A-bug-18174652-18174835,8,57,49,15,7,42,42,29
118-A-bug-18174751-18174835,8,57,53,15,11,42,42,25
118-A-bug-18282023-18282195,8,57,53,15,11,42,42,25
118-A-bug-18294639-18294683,8,57,46,15,4,42,42,29
118-A-bug-18327752-18328450,8,57,57,11,11,46,46,26
123-A-bug-1869815-1869826,8,34,17,17,17,17,0,24
124-C-bug-5745829-5746012,8,62,58,8,4,54,54,27
126-B-bug-16617781-16617816,8,48,41,8,1,40,40,34
126-B-bug-6462704-6462737,8,48,39,10,1,38,38,49
131-A-bug-18069181-18073244,8,61,52,10,4,51,48,24
131-A-bug-18178430-18178436,8,65,62,4,4,61,58,24
131-A-bug-18178468-18252378,8,62,54,10,4,52,50,26
131-A-bug-18296690-18296701,8,65,62,4,4,61,58,24
133-A-bug-17969403-17975791,8,88,65,13,13,75,52,24
133-A-bug-17992884-17992958,8,88,79,13,5,75,74,29
133-A-bug-17993292-17993355,8,88,79,13,5,75,74,30
133-A-bug-18017249-18017267,8,88,65,13,13,75,52,24
133-A-bug-18047608-18047662,8,88,65,13,13,75,52,23
133-A-bug-18048780-18048793,8,87,32,32,32,55,0,25
133-A-bug-18066416-18066518,8,88,77,13,7,75,70,24
133-A-bug-18158271-18158334,8,88,80,13,5,75,75,27
133-A-bug-18285725-18285856,8,88,79,13,5,75,74,30
133-A-bug-18286216-18286228,8,88,78,13,3,75,75,29
133-A-bug-18292018-18292024,8,88,79,13,4,75,75,28
133-A-bug-18296173-18296188,8,88,77,13,7,75,70,23
133-A-bug-18327759-18327824,8,88,65,13,13,75,52,23
133-A-bug-18348504-18348539,8,88,65,13,13,75,52,25
133-A-bug-18355672-18355701,8,88,65,13,13,75,52,25
133-C-bug-925626-925706,8,19,19,19,19,0,0,25
133-C-bug-927836-927839,8,19,19,8,8,11,11,8
137-A-bug-11590458-11590515,8,50,39,15,4,35,35,42
137-A-bug-8134102-8134128,8,50,42,9,7,41,35,29
147-A-bug-1015775-1015776,8,78,65,46,33,32,32,25
147-A-bug-1045602-1045611,8,79,61,45,31,34,30,24
147-A-bug-1045605-1045611,8,78,46,44,44,34,2,25
147-A-bug-12915557-12915622,8,74,40,38,38,36,2,29
174-B-bug-1501641-1501825,8,69,66,4,1,65,65,45
174-B-bug-1504776-1504783,8,90,86,6,2,84,84,63
180-C-bug-15764515-15764561,8,20,15,6,5,14,10,24
197-C-bug-11986074-11986110,8,23,23,23,23,0,0,27
197-C-bug-2103086-2103090,8,23,21,6,4,17,17,26
202-A-bug-1864388-1905671,8,59,32,29,8,30,24,28
202-A-bug-1938570-1938571,8,59,28,59,28,0,0,27
208-A-bug-17922157-17922172,8,25,15,15,15,10,0,24
208-A-bug-18102368-18102377,8,62,62,62,62,0,0,29
208-A-bug-18110250-18110255,8,74,9,68,3,6,6,33
208-A-bug-18123271-18123289,8,74,11,68,5,6,6,35
208-A-bug-18260832-18260860,8,74,41,41,41,33,0,30
208-A-bug-18266864-18266892,8,81,39,31,31,50,8,43
208-A-bug-18351096-18351104,8,74,33,33,33,41,0,26
236-A-bug-18003726-18007529,8,91,64,39,38,52,26,62
236-A-bug-18003976-18004085,8,89,89,89,89,0,0,24
236-A-bug-18007495-18007529,8,89,89,89,89,0,0,27
236-A-bug-18227052-18227120,8,91,53,39,14,52,39,52
236-A-bug-18338107-18338153,8,91,55,37,14,54,41,30
245-B-bug-15450004-15450022,8,26,19,4,3,22,16,43
245-B-bug-15926715-15927032,8,26,19,4,3,22,16,43
276-B-bug-10441668-10441759,8,33,29,6,5,27,24,24
276-B-bug-13314488-13314500,8,33,29,6,5,27,24,24
276-B-bug-14833281-14833300,8,41,37,6,5,35,32,25
276-B-bug-15034096-15034124,8,46,40,6,5,40,35,24
276-B-bug-5933573-5940552,8,41,37,6,5,35,32,24
276-B-bug-6188908-6188949,8,41,37,6,5,35,32,24
281-A-bug-18132658-18132720,8,49,49,3,3,46,46,24
281-A-bug-18294879-18294887,8,28,28,28,28,0,0,27
291-B-bug-3524194-3524237,8,21,18,21,18,0,0,29
291-B-bug-3537395-3537438,8,21,5,4,4,17,1,35
291-B-bug-3539893-3539896,8,23,4,4,4,19,0,24
291-B-bug-3726598-3726610,8,23,4,4,4,19,0,24
291-B-bug-6753127-6753143,8,31,4,2,2,29,2,30
316-A1-bug-3879223-3879239,8,35,16,4,4,31,12,30
316-A2-bug-3868271-3868327,8,27,14,17,11,10,3,25
316-A2-bug-3876995-3877003,8,36,26,4,4,32,22,37
31-B-bug-10514546-10514583,8,84,14,9,8,75,6,29
31-B-bug-10514570-10514583,8,96,42,7,6,89,36,33
31-B-bug-136044-136045,8,68,42,48,22,20,20,26
31-B-bug-14199570-14199578,8,74,30,9,9,65,21,25
31-B-bug-14288247-14288278,8,74,14,9,8,65,6,29
31-B-bug-512114-512120,8,72,9,9,9,63,0,24
31-B-bug-6435804-6435825,8,90,72,5,4,85,68,26
353-D-bug-4926926-4926955,8,27,20,9,2,18,18,43
353-D-bug-6175754-6175760,8,24,20,6,2,18,18,49
363-C-bug-13754002-13754097,8,45,45,2,2,43,43,40
363-C-bug-5405641-5405684,8,31,25,9,3,22,22,36
385-B-bug-11063177-11063186,8,17,12,8,3,9,9,38
385-B-bug-17596493-17596993,8,17,16,3,2,14,14,50
385-B-bug-6898992-6898998,8,17,11,8,2,9,9,48
393-A-bug-10224824-10224841,8,77,49,3,3,74,46,26
393-A-bug-12975319-12975331,8,68,7,7,7,61,0,27
393-A-bug-13882866-13882981,8,62,42,21,1,41,41,119
393-A-bug-13915086-13915488,8,72,61,13,2,59,59,223
393-A-bug-13915169-13915488,8,102,97,6,1,96,96,148
393-A-bug-14052177-14052206,8,62,47,9,1,53,46,85
411-A-bug-14678684-14678713,8,143,80,5,5,138,75,41
411-A-bug-9661639-9661654,8,143,80,5,5,138,75,38
41-C-bug-10642948-10642983,8,56,36,21,1,35,35,59
41-C-bug-10642957-10642983,8,55,48,10,3,45,45,42
41-C-bug-10642972-10642983,8,55,53,4,2,51,51,47
41-C-bug-10643130-10643148,8,57,29,31,3,26,26,44
41-C-bug-16825894-16825911,8,57,38,21,2,36,36,45
41-C-bug-17904918-17904940,8,92,85,2,2,90,83,58
41-C-bug-17904924-17904940,8,56,36,21,1,35,35,46
41-C-bug-17917572-17917578,8,63,47,16,1,47,46,35
41-C-bug-187321-187384,8,56,37,21,2,35,35,45
41-C-bug-736212-736216,8,63,54,16,7,47,47,28
420-A-bug-13091991-13091997,8,79,54,23,20,56,34,27
420-A-bug-14171953-14171970,8,78,74,7,4,71,70,26
420-A-bug-14755133-14755144,8,129,129,5,5,124,124,24
420-A-bug-16671795-16671832,8,79,44,43,28,36,16,23
451-D-bug-7249921-7249950,8,19,8,17,6,2,2,27
505-A-bug-10101095-10101109,8,56,51,6,1,50,50,30
505-A-bug-10513326-10513335,8,43,30,17,16,26,14,30
538-A-bug-14000679-14000824,8,79,78,3,2,76,76,77
538-A-bug-16876247-16876282,8,102,102,2,2,100,100,65
550-A-bug-17839318-17839327,8,83,72,12,1,71,71,31
575-D-bug-12872706-12872745,8,3,3,3,3,0,0,24
58-A-bug-17762757-17762804,8,45,7,7,7,38,0,24
58-A-bug-18163826-18163845,8,42,17,17,17,25,0,24
58-A-bug-18231253-18231295,8,43,41,5,3,38,38,61
59-A-bug-17307162-17307176,8,34,34,34,34,0,0,29
600-A-bug-18147663-18147679,8,37,36,3,2,34,34,25
600-A-bug-18147672-18147679,8,37,36,3,2,34,34,25
665-C-bug-17762752-17762802,8,21,21,4,4,17,17,24
677-C-bug-18192762-18193123,8,26,16,16,16,10,0,26
677-C-bug-18206311-18206325,8,21,17,17,17,4,0,25
677-C-bug-18262604-18262617,8,21,16,16,16,5,0,24
8-B-bug-17229415-17229625,8,69,57,15,4,54,53,44
8-B-bug-36489-36547,8,91,91,2,2,89,89,25
8-B-bug-37890-37891,8,82,75,8,1,74,74,117
8-B-bug-459037-459038,8,63,58,63,58,0,0,26
113-A-bug-683826-683913,9,356,303,53,2,303,301,72
113-A-bug-691902-691903,9,360,333,25,3,335,330,59
118-A-bug-18073097-18080639,9,57,46,15,4,42,42,30
118-A-bug-18103516-18103560,9,57,46,15,4,42,42,30
118-A-bug-18109879-18109907,9,57,46,15,4,42,42,29
118-A-bug-18134274-18134357,9,57,51,15,9,42,42,23
118-A-bug-18174609-18174835,9,57,53,15,11,42,42,28
118-A-bug-18174643-18174835,9,57,53,15,11,42,42,29
118-A-bug-18174652-18174835,9,57,46,15,4,42,42,30
118-A-bug-18174751-18174835,9,57,51,15,9,42,42,29
118-A-bug-18282023-18282195,9,57,46,15,4,42,42,30
118-A-bug-18294639-18294683,9,57,49,15,7,42,42,29
118-A-bug-18327752-18328450,9,57,57,11,11,46,46,28
123-A-bug-1869815-1869826,9,34,17,17,17,17,0,24
124-C-bug-5745829-5746012,9,62,26,8,3,54,23,25
126-B-bug-16617781-16617816,9,48,42,8,2,40,40,26
126-B-bug-6462704-6462737,9,48,39,10,1,38,38,34
131-A-bug-18069181-18073244,9,61,52,10,4,51,48,26
131-A-bug-18178430-18178436,9,65,30,4,4,61,26,23
131-A-bug-18178468-18252378,9,62,53,10,4,52,49,24
131-A-bug-18296690-18296701,9,65,64,4,4,61,60,24
133-A-bug-17992884-17992958,9,88,65,13,13,75,52,23
133-A-bug-17993292-17993355,9,88,65,13,13,75,52,23
133-A-bug-18017249-18017267,9,88,65,13,13,75,52,23
133-A-bug-18047608-18047662,9,88,65,13,13,75,52,24
133-A-bug-18066416-18066518,9,88,79,13,5,75,74,29
133-A-bug-18158271-18158334,9,88,65,13,13,75,52,23
133-A-bug-18158313-18158334,9,90,72,12,12,78,60,25
133-A-bug-18217634-18217677,9,88,80,13,5,75,75,27
133-A-bug-18285631-18285709,9,88,80,13,6,75,74,28
133-A-bug-18285725-18285856,9,88,81,13,7,75,74,25
133-A-bug-18286216-18286228,9,88,79,13,5,75,74,30
133-A-bug-18296173-18296188,9,88,80,13,6,75,74,28
133-A-bug-18327759-18327824,9,88,79,13,5,75,74,29
133-A-bug-18348504-18348539,9,88,65,13,13,75,52,25
133-A-bug-18355672-18355701,9,88,81,13,7,75,74,25
133-C-bug-925626-925706,9,19,19,19,19,0,0,26
133-C-bug-927836-927839,9,19,19,8,8,11,11,8
137-A-bug-11590458-11590515,9,50,42,15,9,35,33,36
137-A-bug-8134102-8134128,9,50,40,9,4,41,36,37
147-A-bug-1015775-1015776,9,78,65,46,33,32,32,26
147-A-bug-1045602-1045611,9,79,39,45,5,34,34,32
147-A-bug-1045605-1045611,9,78,44,44,44,34,0,24
147-A-bug-12915557-12915622,9,74,38,38,38,36,0,27
174-B-bug-1501641-1501825,9,69,65,4,2,65,63,55
174-B-bug-1504776-1504783,9,90,86,6,2,84,84,63
180-C-bug-15764515-15764561,9,20,6,6,6,14,0,24
197-C-bug-11986074-11986110,9,23,23,23,23,0,0,27
197-C-bug-2103086-2103090,9,23,23,6,6,17,17,28
202-A-bug-1864388-1905671,9,59,43,29,18,30,25,26
202-A-bug-1938570-1938571,9,59,59,59,59,0,0,24
208-A-bug-17292049-17292076,9,73,40,40,40,33,0,24
208-A-bug-17922157-17922172,9,25,15,15,15,10,0,24
208-A-bug-18102368-18102377,9,62,30,62,30,0,0,29
208-A-bug-18123271-18123289,9,74,12,68,6,6,6,35
208-A-bug-18351096-18351104,9,74,33,33,33,41,0,24
236-A-bug-18003726-18007529,9,91,56,39,19,52,37,38
236-A-bug-18003976-18004085,9,89,89,89,89,0,0,27
236-A-bug-18007495-18007529,9,89,89,89,89,0,0,24
236-A-bug-18227052-18227120,9,91,64,39,38,52,26,73
236-A-bug-18338107-18338153,9,91,62,37,37,54,25,63
245-B-bug-15450004-15450022,9,26,19,4,3,22,16,43
245-B-bug-15926715-15927032,9,26,25,4,3,22,22,43
276-B-bug-13314488-13314500,9,33,29,6,5,27,24,24
276-B-bug-14833281-14833300,9,41,37,6,5,35,32,24
276-B-bug-15034096-15034124,9,46,41,6,1,40,40,25
276-B-bug-4820773-4820788,9,33,29,6,5,27,24,24
276-B-bug-5933556-5940552,9,41,36,6,1,35,35,40
276-B-bug-5933573-5940552,9,41,37,6,5,35,32,25
276-B-bug-6188908-6188949,9,41,37,6,5,35,32,25
281-A-bug-18132658-18132720,9,49,49,3,3,46,46,24
291-B-bug-3524194-3524237,9,21,18,21,18,0,0,29
291-B-bug-3537395-3537438,9,21,5,4,4,17,1,30
291-B-bug-3539893-3539896,9,23,4,4,4,19,0,24
291-B-bug-3726598-3726610,9,23,5,4,4,19,1,24
291-B-bug-6753127-6753143,9,31,4,2,2,29,2,30
316-A1-bug-3879223-3879239,9,35,12,4,2,31,10,25
316-A2-bug-3868271-3868327,9,27,17,17,16,10,1,24
316-A2-bug-3876995-3877003,9,36,26,4,4,32,22,37
31-B-bug-10514546-10514583,9,84,10,9,9,75,1,31
31-B-bug-10514554-10514583,9,84,9,9,9,75,0,24
31-B-bug-10514570-10514583,9,96,51,7,6,89,45,35
31-B-bug-136044-136045,9,68,42,48,22,20,20,26
31-B-bug-14199570-14199578,9,74,9,9,9,65,0,24
31-B-bug-512114-512120,9,72,29,9,9,63,20,25
31-B-bug-512116-512120,9,68,40,40,40,28,0,23
31-B-bug-6435804-6435825,9,90,72,5,4,85,68,26
353-D-bug-4926926-4926955,9,27,20,9,2,18,18,43
353-D-bug-6175754-6175760,9,24,19,6,1,18,18,58
363-C-bug-13754002-13754097,9,45,45,2,2,43,43,40
363-C-bug-5405641-5405684,9,31,25,9,3,22,22,36
385-B-bug-11063177-11063186,9,17,12,8,3,9,9,38
385-B-bug-17596493-17596993,9,17,16,3,2,14,14,50
385-B-bug-6898992-6898998,9,17,14,8,5,9,9,35
393-A-bug-10224824-10224841,9,77,4,3,3,74,1,27
393-A-bug-12975319-12975331,9,68,7,7,7,61,0,27
393-A-bug-13882866-13882981,9,62,42,21,1,41,41,272
393-A-bug-13915086-13915488,9,72,60,13,1,59,59,180
393-A-bug-13915169-13915488,9,102,99,6,3,96,96,105
393-A-bug-14052177-14052206,9,62,35,9,1,53,34,76
411-A-bug-14678684-14678713,9,143,80,5,5,138,75,41
411-A-bug-9661639-9661654,9,143,80,5,5,138,75,41
41-C-bug-10642948-10642983,9,56,39,21,4,35,35,40
41-C-bug-10642957-10642983,9,55,48,10,3,45,45,42
41-C-bug-10642972-10642983,9,55,52,4,1,51,51,48
41-C-bug-10643130-10643148,9,57,27,31,1,26,26,57
41-C-bug-16825894-16825911,9,57,37,21,1,36,36,42
41-C-bug-17904918-17904940,9,92,85,2,2,90,83,58
41-C-bug-17904924-17904940,9,56,36,21,1,35,35,50
41-C-bug-17917572-17917578,9,63,48,16,1,47,47,35
41-C-bug-187321-187384,9,56,36,21,1,35,35,37
41-C-bug-736212-736216,9,63,51,16,4,47,47,32
420-A-bug-13091991-13091997,9,79,56,23,16,56,40,24
420-A-bug-14171953-14171970,9,78,74,7,4,71,70,26
420-A-bug-14755133-14755144,9,129,129,5,5,124,124,26
420-A-bug-16671795-16671832,9,79,49,43,26,36,23,23
451-D-bug-7249921-7249950,9,19,19,17,17,2,2,23
505-A-bug-10101095-10101109,9,56,50,6,5,50,45,38
505-A-bug-10513326-10513335,9,43,31,17,13,26,18,31
538-A-bug-14000679-14000824,9,79,77,3,1,76,76,53
538-A-bug-16876247-16876282,9,102,102,2,2,100,100,65
550-A-bug-17839318-17839327,9,83,79,12,9,71,70,42
575-D-bug-12872706-12872745,9,3,3,3,3,0,0,29
58-A-bug-17762757-17762804,9,45,7,7,7,38,0,24
58-A-bug-18163826-18163845,9,42,13,17,9,25,4,25
58-A-bug-18231253-18231295,9,43,40,5,2,38,38,50
59-A-bug-17307162-17307176,9,34,34,34,34,0,0,24
600-A-bug-18147663-18147679,9,37,17,3,3,34,14,25
600-A-bug-18147672-18147679,9,37,34,3,1,34,33,26
665-C-bug-17762752-17762802,9,21,21,4,4,17,17,24
677-C-bug-18192762-18193123,9,26,16,16,16,10,0,24
8-B-bug-17229415-17229625,9,69,57,15,4,54,53,77
8-B-bug-36489-36547,9,91,91,2,2,89,89,25
8-B-bug-37890-37891,9,82,75,8,1,74,74,77
8-B-bug-459037-459038,9,63,55,63,55,0,0,25
